-1.000000e+00 0.000000e+00
-9.899497e-01 1.820917e-01
-9.798995e-01 3.310260e-01
-9.698492e-01 4.528406e-01
-9.597990e-01 5.524738e-01
-9.497487e-01 6.339646e-01
-9.396985e-01 7.006166e-01
-9.296482e-01 7.551318e-01
-9.195980e-01 7.997203e-01
-9.095477e-01 8.361895e-01
-8.994975e-01 8.660181e-01
-8.894472e-01 8.904151e-01
-8.793970e-01 9.103696e-01
-8.693467e-01 9.266905e-01
-8.592965e-01 9.400396e-01
-8.492462e-01 9.509579e-01
-8.391960e-01 9.598880e-01
-8.291457e-01 9.671921e-01
-8.190955e-01 9.731661e-01
-8.090452e-01 9.780524e-01
-7.989950e-01 9.820488e-01
-7.889447e-01 9.853176e-01
-7.788945e-01 9.879911e-01
-7.688442e-01 9.901779e-01
-7.587940e-01 9.919664e-01
-7.487437e-01 9.934292e-01
-7.386935e-01 9.946257e-01
-7.286432e-01 9.956043e-01
-7.185930e-01 9.964048e-01
-7.085427e-01 9.970594e-01
-6.984925e-01 9.975949e-01
-6.884422e-01 9.980328e-01
-6.783920e-01 9.983910e-01
-6.683417e-01 9.986840e-01
-6.582915e-01 9.989236e-01
-6.482412e-01 9.991196e-01
-6.381910e-01 9.992799e-01
-6.281407e-01 9.994111e-01
-6.180905e-01 9.995183e-01
-6.080402e-01 9.996060e-01
-5.979899e-01 9.996778e-01
-5.879397e-01 9.997364e-01
-5.778894e-01 9.997844e-01
-5.678392e-01 9.998237e-01
-5.577889e-01 9.998558e-01
-5.477387e-01 9.998821e-01
-5.376884e-01 9.999035e-01
-5.276382e-01 9.999211e-01
-5.175879e-01 9.999355e-01
-5.075377e-01 9.999472e-01
-4.974874e-01 9.999568e-01
-4.874372e-01 9.999647e-01
-4.773869e-01 9.999711e-01
-4.673367e-01 9.999764e-01
-4.572864e-01 9.999807e-01
-4.472362e-01 9.999842e-01
-4.371859e-01 9.999871e-01
-4.271357e-01 9.999894e-01
-4.170854e-01 9.999914e-01
-4.070352e-01 9.999929e-01
-3.969849e-01 9.999942e-01
-3.869347e-01 9.999953e-01
-3.768844e-01 9.999961e-01
-3.668342e-01 9.999968e-01
-3.567839e-01 9.999974e-01
-3.467337e-01 9.999979e-01
-3.366834e-01 9.999983e-01
-3.266332e-01 9.999986e-01
-3.165829e-01 9.999988e-01
-3.065327e-01 9.999991e-01
-2.964824e-01 9.999992e-01
-2.864322e-01 9.999994e-01
-2.763819e-01 9.999995e-01
-2.663317e-01 9.999996e-01
-2.562814e-01 9.999997e-01
-2.462312e-01 9.999997e-01
-2.361809e-01 9.999998e-01
-2.261307e-01 9.999998e-01
-2.160804e-01 9.999998e-01
-2.060302e-01 9.999999e-01
-1.959799e-01 9.999999e-01
-1.859296e-01 9.999999e-01
-1.758794e-01 9.999999e-01
-1.658291e-01 9.999999e-01
-1.557789e-01 1.000000e+00
-1.457286e-01 1.000000e+00
-1.356784e-01 1.000000e+00
-1.256281e-01 1.000000e+00
-1.155779e-01 1.000000e+00
-1.055276e-01 1.000000e+00
-9.547739e-02 1.000000e+00
-8.542714e-02 1.000000e+00
-7.537688e-02 1.000000e+00
-6.532663e-02 1.000000e+00
-5.527638e-02 1.000000e+00
-4.522613e-02 1.000000e+00
-3.517588e-02 1.000000e+00
-2.512563e-02 1.000000e+00
-1.507538e-02 1.000000e+00
-5.025126e-03 1.000000e+00
5.025126e-03 1.000000e+00
1.507538e-02 1.000000e+00
2.512563e-02 1.000000e+00
3.517588e-02 1.000000e+00
4.522613e-02 1.000000e+00
5.527638e-02 1.000000e+00
6.532663e-02 1.000000e+00
7.537688e-02 1.000000e+00
8.542714e-02 1.000000e+00
9.547739e-02 1.000000e+00
1.055276e-01 1.000000e+00
1.155779e-01 1.000000e+00
1.256281e-01 1.000000e+00
1.356784e-01 1.000000e+00
1.457286e-01 1.000000e+00
1.557789e-01 1.000000e+00
1.658291e-01 9.999999e-01
1.758794e-01 9.999999e-01
1.859296e-01 9.999999e-01
1.959799e-01 9.999999e-01
2.060302e-01 9.999999e-01
2.160804e-01 9.999998e-01
2.261307e-01 9.999998e-01
2.361809e-01 9.999998e-01
2.462312e-01 9.999997e-01
2.562814e-01 9.999997e-01
2.663317e-01 9.999996e-01
2.763819e-01 9.999995e-01
2.864322e-01 9.999994e-01
2.964824e-01 9.999992e-01
3.065327e-01 9.999991e-01
3.165829e-01 9.999988e-01
3.266332e-01 9.999986e-01
3.366834e-01 9.999983e-01
3.467337e-01 9.999979e-01
3.567839e-01 9.999974e-01
3.668342e-01 9.999968e-01
3.768844e-01 9.999961e-01
3.869347e-01 9.999953e-01
3.969849e-01 9.999942e-01
4.070352e-01 9.999929e-01
4.170854e-01 9.999914e-01
4.271357e-01 9.999894e-01
4.371859e-01 9.999871e-01
4.472362e-01 9.999842e-01
4.572864e-01 9.999807e-01
4.673367e-01 9.999764e-01
4.773869e-01 9.999711e-01
4.874372e-01 9.999647e-01
4.974874e-01 9.999568e-01
5.075377e-01 9.999472e-01
5.175879e-01 9.999355e-01
5.276382e-01 9.999211e-01
5.376884e-01 9.999035e-01
5.477387e-01 9.998821e-01
5.577889e-01 9.998558e-01
5.678392e-01 9.998237e-01
5.778894e-01 9.997844e-01
5.879397e-01 9.997364e-01
5.979899e-01 9.996778e-01
6.080402e-01 9.996060e-01
6.180905e-01 9.995183e-01
6.281407e-01 9.994111e-01
6.381910e-01 9.992799e-01
6.482412e-01 9.991196e-01
6.582915e-01 9.989236e-01
6.683417e-01 9.986840e-01
6.783920e-01 9.983910e-01
6.884422e-01 9.980328e-01
6.984925e-01 9.975949e-01
7.085427e-01 9.970594e-01
7.185930e-01 9.964048e-01
7.286432e-01 9.956043e-01
7.386935e-01 9.946257e-01
7.487437e-01 9.934292e-01
7.587940e-01 9.919664e-01
7.688442e-01 9.901779e-01
7.788945e-01 9.879911e-01
7.889447e-01 9.853176e-01
7.989950e-01 9.820488e-01
8.090452e-01 9.780524e-01
8.190955e-01 9.731661e-01
8.291457e-01 9.671921e-01
8.391960e-01 9.598880e-01
8.492462e-01 9.509579e-01
8.592965e-01 9.400396e-01
8.693467e-01 9.266905e-01
8.793970e-01 9.103696e-01
8.894472e-01 8.904151e-01
8.994975e-01 8.660181e-01
9.095477e-01 8.361895e-01
9.195980e-01 7.997203e-01
9.296482e-01 7.551318e-01
9.396985e-01 7.006166e-01
9.497487e-01 6.339646e-01
9.597990e-01 5.524738e-01
9.698492e-01 4.528406e-01
9.798995e-01 3.310260e-01
9.899497e-01 1.820917e-01
1.000000e+00 0.000000e+00
