/*--------------------------------*- C++ -*----------------------------------*\
| =========                 |                                                 |
| \\      /  F ield         | OpenFOAM: The Open Source CFD Toolbox           |
|  \\    /   O peration     | Version:  2512                                  |
|   \\  /    A nd           | Website:  www.openfoam.com                      |
|    \\/     M anipulation  |                                                 |
\*---------------------------------------------------------------------------*/
FoamFile
{
    version     2.0;
    format      ascii;
    arch        "LSB;label=32;scalar=64";
    class       volVectorField;
    location    "0";
    object      U;
}
// * * * * * * * * * * * * * * * * * * * * * * * * * * * * * * * * * * * * * //

dimensions      [0 1 -1 0 0 0 0];

internalField   nonuniform List<vector> 
2000
(
(1.12578 -0.948244 7.9791e-20)
(1.11404 -0.789622 0)
(1.10488 -0.667298 1.40937e-20)
(1.09761 -0.570931 1.2176e-26)
(1.09175 -0.493611 -4.10494e-20)
(1.08697 -0.430581 3.71083e-20)
(1.08301 -0.378479 -4.95722e-20)
(1.07971 -0.334878 -5.28009e-20)
(1.07695 -0.298004 0)
(1.07462 -0.266568 5.36828e-20)
(1.27426 -0.925534 8.51121e-20)
(1.23799 -0.770597 4.3713e-21)
(1.20998 -0.651138 0)
(1.18791 -0.557041 0)
(1.17023 -0.481553 0)
(1.15585 -0.420023 6.24336e-20)
(1.14401 -0.36917 -1.07292e-19)
(1.13416 -0.326622 -4.83174e-20)
(1.12588 -0.290635 1.09464e-19)
(1.11885 -0.259901 1.08242e-19)
(1.41745 -0.879969 9.04419e-20)
(1.35751 -0.732546 8.34955e-20)
(1.3113 -0.618899 0)
(1.27495 -0.529393 5.93888e-20)
(1.24586 -0.457595 3.6754e-20)
(1.22223 -0.399079 -3.76449e-20)
(1.2028 -0.350716 -4.35091e-20)
(1.18663 -0.31025 4.35082e-20)
(1.17305 -0.276013 1.68055e-19)
(1.16152 -0.246756 4.77199e-20)
(1.55181 -0.812632 9.47447e-20)
(1.46963 -0.676376 1.74718e-19)
(1.40633 -0.571355 0)
(1.35657 -0.488651 7.65441e-20)
(1.31678 -0.422316 5.79214e-20)
(1.28448 -0.368254 -1.66059e-20)
(1.25792 -0.323572 0)
(1.23584 -0.28618 3.8399e-20)
(1.2173 -0.254535 3.88238e-20)
(1.2016 -0.227477 0)
(1.67399 -0.725149 -4.94415e-20)
(1.57157 -0.603446 8.77808e-20)
(1.49273 -0.509656 -4.39388e-21)
(1.43078 -0.435805 1.10174e-20)
(1.38125 -0.376574 -2.56857e-20)
(1.34106 -0.328304 5.12616e-20)
(1.30803 -0.288408 1.54881e-20)
(1.28058 -0.255019 -1.82045e-20)
(1.25755 -0.226756 -4.89448e-20)
(1.23805 -0.202584 -3.14556e-21)
(1.78096 -0.619651 -5.19764e-20)
(1.66081 -0.515537 -2.47098e-21)
(1.56834 -0.43531 -3.64366e-21)
(1.49572 -0.372146 -4.56854e-21)
(1.43766 -0.321489 -4.99606e-20)
(1.39057 -0.280208 6.40826e-20)
(1.35188 -0.24609 0)
(1.31973 -0.217535 5.37801e-22)
(1.29277 -0.193365 -3.49452e-20)
(1.26996 -0.172693 3.35934e-20)
(1.87004 -0.498729 0)
(1.73511 -0.414803 -4.83554e-20)
(1.6313 -0.350141 2.86789e-21)
(1.54978 -0.299235 -3.91434e-20)
(1.48463 -0.258412 4.07641e-20)
(1.43179 -0.225146 3.8795e-20)
(1.38838 -0.197654 -3.78429e-20)
(1.35232 -0.174647 3.63235e-20)
(1.32208 -0.155174 -1.09121e-20)
(1.29651 -0.138521 -4.68981e-20)
(1.93899 -0.365363 -2.70232e-22)
(1.79262 -0.303728 -4.91684e-20)
(1.68002 -0.256244 -2.07184e-21)
(1.59161 -0.218864 -2.67609e-20)
(1.52097 -0.188891 4.12821e-20)
(1.46368 -0.164468 3.36756e-21)
(1.41662 -0.144287 -3.82495e-20)
(1.37753 -0.1274 3.89743e-21)
(1.34475 -0.113111 3.20542e-20)
(1.31704 -0.100894 -3.46361e-20)
(1.9861 -0.222852 8.22389e-23)
(1.8319 -0.185053 -1.24736e-20)
(1.71331 -0.155935 0)
(1.62019 -0.133014 2.19693e-20)
(1.54579 -0.114636 0)
(1.48545 -0.0996646 9.0629e-21)
(1.43589 -0.0872956 -1.08588e-20)
(1.39473 -0.0769495 0)
(1.36022 -0.068199 9.22507e-21)
(1.33104 -0.0607231 8.92167e-21)
(2.01018 -0.0747321 0)
(1.85198 -0.0617177 -1.25436e-20)
(1.73031 -0.0516925 0)
(1.63479 -0.0438018 0)
(1.55847 -0.0374767 0)
(1.49657 -0.0323267 1.01271e-20)
(1.44573 -0.0280763 -9.7814e-21)
(1.40351 -0.024527 2.07308e-22)
(1.3681 -0.0215321 9.47167e-21)
(1.33817 -0.018982 -9.27739e-21)
(0.101314 -0.0742833 0)
(0.25807 -0.0619105 5.55434e-22)
(0.378663 -0.0523573 0)
(0.473357 -0.0448244 0)
(0.549012 -0.038776 0)
(0.610357 -0.0338427 -5.53123e-22)
(0.660737 -0.0297632 5.52349e-22)
(0.702571 -0.0263487 -4.75012e-21)
(0.737646 -0.0234609 -5.53905e-21)
(0.767308 -0.0209987 5.73969e-21)
(0.124592 -0.221043 -6.6236e-22)
(0.277533 -0.184223 1.39205e-21)
(0.395185 -0.155794 0)
(0.487565 -0.133377 -2.81902e-21)
(0.561369 -0.115379 0)
(0.621211 -0.100698 -1.01053e-21)
(0.670353 -0.0885579 9.54642e-22)
(0.711155 -0.0783941 0)
(0.745353 -0.0697921 -8.67746e-22)
(0.774246 -0.0624423 -1.64384e-21)
(0.170589 -0.362427 1.30924e-21)
(0.31599 -0.302044 9.96017e-21)
(0.42783 -0.255427 1.00228e-20)
(0.515637 -0.218669 3.01088e-20)
(0.585784 -0.189157 -8.69202e-21)
(0.642657 -0.165085 -1.62116e-20)
(0.689359 -0.145178 2.57467e-20)
(0.728135 -0.12851 -8.05359e-28)
(0.760638 -0.114396 1.1788e-20)
(0.78811 -0.102321 8.62841e-20)
(0.2382 -0.494991 0)
(0.372514 -0.4125 1.3229e-20)
(0.475806 -0.34882 -9.84613e-21)
(0.556893 -0.298611 -9.36863e-22)
(0.621662 -0.258302 -1.07414e-20)
(0.674171 -0.225426 -1.14579e-20)
(0.717288 -0.198238 9.76346e-21)
(0.753086 -0.175474 -1.08313e-20)
(0.783096 -0.156201 4.00733e-20)
(0.808467 -0.139716 4.89237e-20)
(0.325799 -0.615498 2.13032e-20)
(0.445738 -0.51289 6.5233e-21)
(0.537953 -0.433686 9.61136e-21)
(0.610329 -0.371245 1.20377e-20)
(0.668131 -0.321117 4.29273e-20)
(0.714985 -0.280237 3.459e-21)
(0.753454 -0.246432 0)
(0.785392 -0.218133 1.40753e-21)
(0.812167 -0.194177 1.18082e-20)
(0.834804 -0.173692 6.53887e-20)
(0.431273 -0.720997 2.25285e-20)
(0.533893 -0.60075 -3.5832e-20)
(0.612764 -0.507944 9.3193e-21)
(0.674648 -0.434784 -2.33456e-20)
(0.724059 -0.376058 1.69276e-20)
(0.764101 -0.328169 1.40254e-20)
(0.796972 -0.288573 0)
(0.824257 -0.255429 -1.98354e-20)
(0.847129 -0.227379 -4.71276e-21)
(0.866469 -0.203401 -1.40811e-20)
(0.552073 -0.808892 -5.30256e-20)
(0.634841 -0.673919 -9.73067e-20)
(0.698421 -0.569762 0)
(0.748285 -0.487664 -4.37356e-20)
(0.788083 -0.421768 -1.57141e-20)
(0.820323 -0.368037 2.90511e-20)
(0.846777 -0.323613 0)
(0.868727 -0.286434 -6.7004e-20)
(0.88712 -0.254977 -7.31747e-20)
(0.902674 -0.228099 0)
(0.685271 -0.877004 -5.99467e-20)
(0.746131 -0.730584 -6.65305e-20)
(0.79284 -0.617612 -1.71355e-20)
(0.829447 -0.528576 -2.64584e-20)
(0.858644 -0.457117 -2.05142e-20)
(0.882281 -0.398852 0)
(0.90166 -0.350681 4.41102e-20)
(0.917719 -0.310367 0)
(0.93115 -0.276262 -1.48231e-19)
(0.942482 -0.247144 -7.00763e-20)
(0.82763 -0.923631 -6.50938e-20)
(0.865051 -0.769333 0)
(0.893719 -0.650302 0)
(0.916153 -0.556503 0)
(0.934022 -0.481226 0)
(0.94847 -0.419849 -5.06993e-20)
(0.960297 -0.369101 1.03775e-19)
(0.970072 -0.326618 6.06727e-20)
(0.978187 -0.290659 -1.07694e-19)
(0.984872 -0.259934 -1.11798e-19)
(0.975674 -0.947588 -7.34114e-20)
(0.988696 -0.789185 0)
(0.99859 -0.667009 -1.52071e-20)
(1.00628 -0.570743 1.12438e-26)
(1.01237 -0.493494 4.4281e-20)
(1.01727 -0.430511 -2.89078e-20)
(1.02127 -0.37843 5.34582e-20)
(1.02459 -0.334808 5.69331e-20)
(1.02742 -0.297816 0)
(1.02993 -0.266016 -4.72259e-20)
(0.79165 -0.0182741 5.34513e-21)
(0.813222 -0.0155825 -5.50333e-21)
(0.831769 -0.0133701 -5.62946e-21)
(0.847798 -0.0115181 0)
(0.861699 -0.00995313 0)
(0.873787 -0.00861933 5.91698e-21)
(0.884317 -0.0074733 1.1978e-20)
(0.893496 -0.00648087 1.21033e-20)
(0.901495 -0.0056147 1.22123e-20)
(0.908454 -0.00485273 6.15177e-21)
(0.914489 -0.004177 -3.0976e-21)
(0.919697 -0.00357274 -3.11528e-21)
(0.924155 -0.00302773 -3.48204e-24)
(0.927931 -0.00253174 3.14359e-21)
(0.931077 -0.00207608 3.15427e-21)
(0.933638 -0.00165328 -4.70825e-24)
(0.935647 -0.00125684 -1.585e-21)
(0.937131 -0.000880917 -1.58752e-21)
(0.938109 -0.000520283 0)
(0.938594 -0.000169869 0)
(0.79757 -0.0543746 3.12308e-23)
(0.818054 -0.0464244 0)
(0.835786 -0.0398735 -2.24273e-20)
(0.85119 -0.0343728 1.76062e-23)
(0.864604 -0.0297167 2.32781e-20)
(0.876307 -0.0257438 -2.15931e-23)
(0.886528 -0.0223274 2.86605e-23)
(0.895459 -0.0193671 -1.05453e-23)
(0.903257 -0.0167822 0)
(0.910053 -0.0145073 6.33347e-24)
(0.915954 -0.0124891 -1.8548e-24)
(0.921052 -0.0106838 0)
(0.925421 -0.00905514 6.26372e-21)
(0.929122 -0.00757266 -1.88779e-24)
(0.932208 -0.00621054 -6.31074e-21)
(0.934719 -0.00494646 -1.92599e-24)
(0.936689 -0.00376096 0)
(0.938142 -0.00263662 0)
(0.939097 -0.0015577 0)
(0.939566 -0.00050902 -2.27407e-23)
(0.809558 -0.0892302 1.48847e-23)
(0.827948 -0.0763026 -8.68602e-20)
(0.844052 -0.0656432 2.18075e-23)
(0.858179 -0.0566544 4.53368e-20)
(0.870582 -0.0490248 8.72039e-24)
(0.88148 -0.0425016 -2.35809e-20)
(0.891057 -0.0368836 -2.37596e-20)
(0.899468 -0.0320095 0)
(0.906844 -0.027749 -1.51432e-23)
(0.913295 -0.0239961 0)
(0.918914 -0.0206641 9.19899e-24)
(0.92378 -0.0176817 2.5028e-24)
(0.927957 -0.0149899 7.20868e-24)
(0.931502 -0.0125388 0)
(0.934459 -0.0102859 1.54043e-23)
(0.936867 -0.00819455 1.9031e-23)
(0.938753 -0.00623254 0)
(0.940142 -0.00437101 2.5622e-23)
(0.94105 -0.00258378 2.86809e-23)
(0.941486 -0.000845628 9.42133e-24)
(0.827171 -0.122095 0)
(0.842477 -0.104598 -1.47563e-22)
(0.856204 -0.0901831 4.38392e-20)
(0.868457 -0.0779649 -1.90511e-22)
(0.879376 -0.067557 -4.55857e-20)
(0.889091 -0.0586331 -6.80752e-23)
(0.897718 -0.05093 4.19055e-23)
(0.905362 -0.0442338 0)
(0.912115 -0.0383704 2.42164e-20)
(0.918057 -0.0331981 2.43957e-20)
(0.923259 -0.0286006 -1.60088e-23)
(0.927781 -0.024482 -2.49077e-20)
(0.931676 -0.0207621 -2.50179e-20)
(0.934988 -0.0173731 -1.25811e-20)
(0.937756 -0.0142567 2.64296e-23)
(0.940011 -0.0113625 1.27071e-20)
(0.941777 -0.00864587 6.37273e-21)
(0.943073 -0.0060668 6.40514e-21)
(0.943913 -0.00358889 3.15701e-21)
(0.944304 -0.00117705 3.23018e-21)
(0.850005 -0.152211 8.11873e-20)
(0.861311 -0.130733 0)
(0.87197 -0.113043 3.0292e-22)
(0.881797 -0.0979495 0)
(0.890791 -0.0850307 4.56858e-20)
(0.898969 -0.0739111 4.5856e-20)
(0.906362 -0.0642807 4.71944e-20)
(0.913008 -0.0558849 -1.4064e-22)
(0.918947 -0.0485158 2.28997e-22)
(0.924223 -0.0420027 -2.75565e-22)
(0.928878 -0.0362052 -4.90849e-20)
(0.932949 -0.031006 1.94799e-23)
(0.936474 -0.0263064 0)
(0.939484 -0.0220221 2.5227e-20)
(0.942006 -0.0180801 2.53137e-20)
(0.944064 -0.0144169 1.27049e-20)
(0.945675 -0.0109762 -1.88933e-23)
(0.946854 -0.00770716 -6.45654e-21)
(0.947609 -0.00456345 3.06958e-21)
(0.947948 -0.0015005 -3.21108e-21)
(0.877532 -0.178876 7.98873e-20)
(0.884027 -0.154175 8.15235e-20)
(0.89101 -0.133804 3.71491e-22)
(0.89792 -0.116284 0)
(0.904594 -0.101191 -4.428e-20)
(0.910916 -0.0881288 -9.06082e-20)
(0.916811 -0.0767634 5.69121e-22)
(0.92224 -0.0668167 4.69785e-20)
(0.927184 -0.05806 0)
(0.931644 -0.0503031 0)
(0.935628 -0.0433872 4.92349e-20)
(0.93915 -0.0371776 4.94691e-20)
(0.942225 -0.0315594 0)
(0.944868 -0.0264334 2.90012e-24)
(0.947095 -0.0217136 0)
(0.948916 -0.0173243 -2.83225e-23)
(0.950344 -0.0131981 0)
(0.951385 -0.00927434 -5.58131e-23)
(0.952046 -0.00549705 -6.86669e-23)
(0.952328 -0.00181262 0)
(0.909112 -0.201453 -6.08485e-22)
(0.910125 -0.174448 5.08214e-22)
(0.912935 -0.152101 -4.4101e-22)
(0.916519 -0.132687 3.74962e-22)
(0.920532 -0.115812 -3.17476e-22)
(0.924706 -0.101097 0)
(0.928856 -0.0882165 2.2333e-22)
(0.932859 -0.076891 1.84644e-22)
(0.936638 -0.0668861 -4.76822e-20)
(0.940144 -0.058001 -4.77335e-20)
(0.943348 -0.0500642 -9.29247e-23)
(0.946231 -0.0429274 -6.85168e-23)
(0.948786 -0.0364625 4.64117e-23)
(0.951007 -0.0305581 -2.52755e-20)
(0.952893 -0.0251165 -2.53684e-20)
(0.954445 -0.0200516 9.6346e-24)
(0.955666 -0.0152861 0)
(0.956555 -0.0107499 -4.1312e-23)
(0.957114 -0.00637849 6.53825e-21)
(0.957341 -0.00210957 6.41377e-21)
(0.943955 -0.219394 -6.66422e-22)
(0.939026 -0.191173 0)
(0.937317 -0.167641 7.92474e-20)
(0.937261 -0.146924 8.12541e-20)
(0.938312 -0.128692 -3.59658e-22)
(0.940067 -0.112643 0)
(0.942241 -0.0984936 2.57053e-22)
(0.944634 -0.0859874 2.14498e-22)
(0.9471 -0.0748953 -1.76726e-22)
(0.949535 -0.0650145 1.43061e-22)
(0.951865 -0.0561669 -1.12903e-22)
(0.954035 -0.0481959 -4.95608e-20)
(0.956008 -0.0409643 -9.97282e-20)
(0.957758 -0.0343515 -5.02455e-20)
(0.959266 -0.0282508 1.77457e-23)
(0.960522 -0.0225671 1.60789e-24)
(0.961515 -0.0172146 0)
(0.962242 -0.0121152 -1.30232e-20)
(0.962696 -0.00719592 -1.29619e-20)
(0.962876 -0.00238703 -7.01521e-23)
(0.981292 -0.232271 3.75959e-22)
(0.970288 -0.204114 0)
(0.96384 -0.180196 -7.69665e-20)
(0.959867 -0.158783 -7.73392e-20)
(0.957674 -0.139648 8.26924e-20)
(0.956765 -0.122615 8.35217e-20)
(0.956765 -0.107476 0)
(0.957386 -0.0940106 0)
(0.958408 -0.082009 0)
(0.959665 -0.0712764 -1.03623e-22)
(0.961032 -0.0616364 0)
(0.962417 -0.0529309 0)
(0.963751 -0.0450183 -5.00664e-20)
(0.964984 -0.0377727 -5.02739e-20)
(0.96608 -0.0310807 0)
(0.967013 -0.0248406 0)
(0.967765 -0.0189593 0)
(0.968321 -0.0133515 1.0293e-23)
(0.968673 -0.00793727 6.5582e-21)
(0.968814 -0.00264015 6.56039e-21)
(1.02234 -0.23985 3.88065e-22)
(1.00505 -0.212924 6.99598e-20)
(0.993262 -0.18939 7.02757e-20)
(0.984813 -0.167931 2.66905e-22)
(0.978923 -0.148429 7.99091e-20)
(0.975003 -0.130833 -2.45714e-21)
(0.972558 -0.115026 -1.69781e-19)
(0.97119 -0.100851 2.2184e-21)
(0.97059 -0.0881357 8.94659e-20)
(0.970524 -0.0767079 -1.12631e-22)
(0.97081 -0.0664042 0)
(0.971314 -0.0570723 0)
(0.971933 -0.0485722 4.99955e-20)
(0.972591 -0.0407761 -6.68067e-22)
(0.97323 -0.0335674 -2.51827e-20)
(0.973811 -0.0268394 2.57537e-20)
(0.9743 -0.0204937 0)
(0.974677 -0.014439 -7.07467e-24)
(0.974926 -0.00858914 0)
(0.975038 -0.00286226 0)
(1.05388 -0.230146 0)
(1.0334 -0.207477 0)
(1.01845 -0.186414 0)
(1.00719 -0.166707 0)
(0.998797 -0.148444 0)
(0.992651 -0.131681 0)
(0.988247 -0.116403 0)
(0.985173 -0.102531 0)
(0.983101 -0.0899571 0)
(0.981772 -0.0785557 0)
(0.980983 -0.0681972 0)
(0.980579 -0.0587543 0)
(0.980438 -0.0501048 0)
(0.980467 -0.0421335 0)
(0.980597 -0.0347325 0)
(0.980772 -0.0278012 0)
(0.980954 -0.0212449 0)
(0.981113 -0.0149747 0)
(0.981229 -0.0089058 0)
(0.98129 -0.00295674 0)
(1.07194 -0.207413 0)
(1.0525 -0.190289 0)
(1.03699 -0.173123 0)
(1.02474 -0.156495 0)
(1.01519 -0.140698 0)
(1.0078 -0.125891 0)
(1.00216 -0.112142 0)
(0.997895 -0.0994529 0)
(0.994717 -0.0877822 0)
(0.992381 -0.0770623 0)
(0.990691 -0.0672104 0)
(0.989493 -0.0581368 0)
(0.988663 -0.0497497 0)
(0.988103 -0.0419579 0)
(0.98774 -0.0346728 0)
(0.987513 -0.0278089 0)
(0.987378 -0.0212842 0)
(0.987304 -0.0150197 0)
(0.987266 -0.00893915 0)
(0.987251 -0.00296788 0)
(1.08635 -0.186463 0)
(1.06769 -0.173144 0)
(1.05224 -0.159296 0)
(1.03962 -0.145452 0)
(1.0294 -0.131962 0)
(1.02121 -0.119043 0)
(1.01469 -0.106822 0)
(1.00953 -0.0953567 0)
(1.00549 -0.0846571 0)
(1.00234 -0.0747012 0)
(0.999908 -0.0654455 0)
(0.998039 -0.0568332 0)
(0.996617 -0.0487995 0)
(0.995544 -0.0412758 0)
(0.994746 -0.0341919 0)
(0.994161 -0.0274776 0)
(0.993743 -0.0210634 0)
(0.993458 -0.014881 0)
(0.993281 -0.0088632 0)
(0.993197 -0.00294357 0)
(1.09731 -0.166783 0)
(1.07967 -0.156529 0)
(1.06468 -0.145463 0)
(1.05208 -0.134056 0)
(1.04159 -0.122655 0)
(1.03294 -0.111499 0)
(1.02584 -0.100748 0)
(1.02006 -0.090495 0)
(1.01537 -0.0807886 0)
(1.01159 -0.0716403 0)
(1.00856 -0.0630377 0)
(1.00614 -0.0549512 0)
(1.00422 -0.0473395 0)
(1.00271 -0.040154 0)
(1.00154 -0.0333416 0)
(1.00064 -0.0268463 0)
(0.999975 -0.020611 0)
(0.999504 -0.0145779 0)
(0.999204 -0.00868908 0)
(0.999058 -0.00288677 0)
(1.10545 -0.148506 0)
(1.08901 -0.140728 0)
(1.07472 -0.131973 0)
(1.06243 -0.122657 0)
(1.05196 -0.113102 0)
(1.04311 -0.103551 0)
(1.03569 -0.0941743 0)
(1.02949 -0.0850878 0)
(1.02435 -0.0763622 0)
(1.02009 -0.0680339 0)
(1.0166 -0.0601141 0)
(1.01374 -0.0525945 0)
(1.01141 -0.0454534 0)
(1.00954 -0.0386594 0)
(1.00805 -0.0321742 0)
(1.00689 -0.0259551 0)
(1.00601 -0.0199564 0)
(1.00538 -0.0141304 0)
(1.00497 -0.0084285 0)
(1.00477 -0.0028012 0)
(1.11138 -0.131714 0)
(1.0962 -0.125904 0)
(1.08275 -0.119045 0)
(1.07095 -0.111495 0)
(1.0607 -0.103547 0)
(1.05187 -0.0954282 0)
(1.04431 -0.0873114 0)
(1.03787 -0.07932 0)
(1.03243 -0.0715385 0)
(1.02784 -0.0640194 0)
(1.024 -0.0567903 0)
(1.0208 -0.0498594 0)
(1.01816 -0.0432204 0)
(1.01599 -0.036856 0)
(1.01424 -0.0307408 0)
(1.01286 -0.0248436 0)
(1.0118 -0.019129 0)
(1.01103 -0.013559 0)
(1.01053 -0.00809332 0)
(1.01029 -0.00269074 0)
(1.1156 -0.116397 0)
(1.10168 -0.11213 0)
(1.08912 -0.106807 0)
(1.07792 -0.100732 0)
(1.06803 -0.0941618 0)
(1.05935 -0.0873042 0)
(1.0518 -0.0803231 0)
(1.04527 -0.0733424 0)
(1.03965 -0.0664524 0)
(1.03484 -0.0597149 0)
(1.03076 -0.0531682 0)
(1.02731 -0.0468324 0)
(1.02442 -0.0407129 0)
(1.02202 -0.0348034 0)
(1.02007 -0.0290894 0)
(1.0185 -0.0235493 0)
(1.0173 -0.0181572 0)
(1.01642 -0.0128831 0)
(1.01584 -0.00769506 0)
(1.01556 -0.00255919 0)
(1.11851 -0.102483 0)
(1.10579 -0.0994111 0)
(1.09415 -0.0953206 0)
(1.08359 -0.0904649 0)
(1.07413 -0.0850643 0)
(1.06571 -0.0793039 0)
(1.05827 -0.0733343 0)
(1.05174 -0.0672742 0)
(1.04605 -0.061214 0)
(1.04112 -0.0552194 0)
(1.03688 -0.0493353 0)
(1.03326 -0.0435893 0)
(1.03018 -0.0379952 0)
(1.02761 -0.0325555 0)
(1.0255 -0.0272639 0)
(1.02379 -0.0221072 0)
(1.02247 -0.0170671 0)
(1.02149 -0.0121213 0)
(1.02086 -0.00724461 0)
(1.02054 -0.00241014 0)
(1.12044 -0.0898687 0)
(1.10884 -0.087711 0)
(1.09807 -0.0845996 0)
(1.08818 -0.0807427 0)
(1.07919 -0.0763268 0)
(1.07108 -0.0715128 0)
(1.06383 -0.0664359 0)
(1.05739 -0.0612061 0)
(1.0517 -0.05591 0)
(1.04672 -0.0506135 0)
(1.04239 -0.0453641 0)
(1.03865 -0.0401942 0)
(1.03545 -0.035123 0)
(1.03275 -0.0301594 0)
(1.03051 -0.0253034 0)
(1.0287 -0.0205486 0)
(1.02728 -0.0158829 0)
(1.02624 -0.0112903 0)
(1.02555 -0.00675194 0)
(1.02521 -0.0022469 0)
(1.12165 -0.0784314 0)
(1.11106 -0.0769645 0)
(1.10111 -0.074624 0)
(1.09187 -0.0715797 0)
(1.08336 -0.0679872 0)
(1.0756 -0.0639845 0)
(1.06858 -0.0596905 0)
(1.06227 -0.0552043 0)
(1.05665 -0.0506065 0)
(1.05167 -0.0459603 0)
(1.0473 -0.0413135 0)
(1.0435 -0.0367002 0)
(1.04022 -0.0321433 0)
(1.03743 -0.0276555 0)
(1.03511 -0.0232419 0)
(1.03321 -0.0189008 0)
(1.03172 -0.0146254 0)
(1.03063 -0.010405 0)
(1.0299 -0.00622595 0)
(1.02954 -0.00207244 0)
(1.12232 -0.0680452 0)
(1.11265 -0.0670914 0)
(1.10346 -0.0653523 0)
(1.09482 -0.0629648 0)
(1.08678 -0.0600577 0)
(1.07938 -0.0567476 0)
(1.07261 -0.0531372 0)
(1.06647 -0.0493141 0)
(1.06095 -0.0453513 0)
(1.05601 -0.0413077 0)
(1.05165 -0.0372292 0)
(1.04782 -0.03315 0)
(1.0445 -0.0290943 0)
(1.04165 -0.0250775 0)
(1.03927 -0.0211078 0)
(1.03732 -0.0171872 0)
(1.03578 -0.0133129 0)
(1.03464 -0.00947848 0)
(1.03388 -0.0056744 0)
(1.03351 -0.00188931 0)
(1.12263 -0.0585842 0)
(1.11376 -0.0580036 0)
(1.10524 -0.0567288 0)
(1.09716 -0.0548696 0)
(1.08958 -0.0525313 0)
(1.08252 -0.0498111 0)
(1.07601 -0.0467964 0)
(1.07006 -0.0435635 0)
(1.06465 -0.040177 0)
(1.05979 -0.0366901 0)
(1.05546 -0.0331456 0)
(1.05163 -0.0295763 0)
(1.04829 -0.0260064 0)
(1.04542 -0.0224525 0)
(1.043 -0.0189245 0)
(1.04101 -0.0154272 0)
(1.03943 -0.0119607 0)
(1.03826 -0.00852154 0)
(1.03749 -0.00510385 0)
(1.0371 -0.00169973 0)
(1.12268 -0.049927 0)
(1.11451 -0.04961 0)
(1.10659 -0.0486898 0)
(1.09901 -0.0472536 0)
(1.09184 -0.0453865 0)
(1.08511 -0.0431689 0)
(1.07885 -0.0406739 0)
(1.07309 -0.0379665 0)
(1.06782 -0.0351029 0)
(1.06305 -0.0321301 0)
(1.05876 -0.0290867 0)
(1.05496 -0.0260032 0)
(1.05162 -0.0229025 0)
(1.04874 -0.0198014 0)
(1.04629 -0.0167107 0)
(1.04428 -0.0136365 0)
(1.04268 -0.010581 0)
(1.04149 -0.00754317 0)
(1.04071 -0.00451971 0)
(1.04031 -0.0015055 0)
(1.12258 -0.0419582 0)
(1.11499 -0.0418194 0)
(1.1076 -0.0411667 0)
(1.10047 -0.0400683 0)
(1.09366 -0.0385924 0)
(1.08723 -0.0368041 0)
(1.08121 -0.0347638 0)
(1.07563 -0.0325258 0)
(1.07049 -0.0301379 0)
(1.06581 -0.0276407 0)
(1.06159 -0.025068 0)
(1.05782 -0.0224471 0)
(1.05449 -0.0197992 0)
(1.05161 -0.0171399 0)
(1.04916 -0.0144803 0)
(1.04714 -0.011827 0)
(1.04553 -0.00918354 0)
(1.04432 -0.00655046 0)
(1.04353 -0.0039263 0)
(1.04313 -0.00130807 0)
(1.12238 -0.0345689 0)
(1.1153 -0.0345429 0)
(1.10834 -0.0340892 0)
(1.10159 -0.0332606 0)
(1.0951 -0.0321107 0)
(1.08894 -0.0306913 0)
(1.08313 -0.0290513 0)
(1.07771 -0.0272351 0)
(1.0727 -0.0252822 0)
(1.06812 -0.0232267 0)
(1.06396 -0.0210975 0)
(1.06023 -0.0189181 0)
(1.05693 -0.0167071 0)
(1.05406 -0.0144788 0)
(1.05161 -0.0122435 0)
(1.04958 -0.0100078 0)
(1.04796 -0.0077757 0)
(1.04675 -0.00554883 0)
(1.04595 -0.00332695 0)
(1.04555 -0.00110857 0)
(1.12215 -0.0276573 0)
(1.11547 -0.0276942 0)
(1.10888 -0.0273865 0)
(1.10244 -0.0267742 0)
(1.09623 -0.0258983 0)
(1.09029 -0.0247991 0)
(1.08467 -0.0235149 0)
(1.0794 -0.022081 0)
(1.0745 -0.020529 0)
(1.06999 -0.0188865 0)
(1.06589 -0.0171772 0)
(1.06221 -0.0154206 0)
(1.05893 -0.0136324 0)
(1.05608 -0.0118249 0)
(1.05363 -0.0100069 0)
(1.0516 -0.0081849 0)
(1.04999 -0.00636265 0)
(1.04877 -0.00454221 0)
(1.04797 -0.0027241 0)
(1.04756 -0.000907809 0)
(1.12192 -0.0211276 0)
(1.11557 -0.0211902 0)
(1.10926 -0.0209884 0)
(1.10308 -0.0205513 0)
(1.09708 -0.0199092 0)
(1.09132 -0.0190919 0)
(1.08585 -0.0181283 0)
(1.0807 -0.017045 0)
(1.0759 -0.0158662 0)
(1.07147 -0.0146131 0)
(1.06742 -0.0133041 0)
(1.06377 -0.0119546 0)
(1.06052 -0.0105771 0)
(1.05768 -0.00918123 0)
(1.05525 -0.00777452 0)
(1.05322 -0.00636222 0)
(1.0516 -0.0049478 0)
(1.05039 -0.00353326 0)
(1.04958 -0.00211943 0)
(1.04918 -0.000706376 0)
(1.12173 -0.0148895 0)
(1.11561 -0.0149507 0)
(1.10952 -0.0148254 0)
(1.10352 -0.0145334 0)
(1.09769 -0.0140951 0)
(1.09207 -0.0135311 0)
(1.08671 -0.0128614 0)
(1.08166 -0.0121045 0)
(1.07693 -0.0112776 0)
(1.07256 -0.0103956 0)
(1.06855 -0.00947163 0)
(1.06493 -0.00851675 0)
(1.06171 -0.00753997 0)
(1.05888 -0.00654846 0)
(1.05645 -0.0055477 0)
(1.05443 -0.00454167 0)
(1.05281 -0.00353307 0)
(1.0516 -0.00252357 0)
(1.05079 -0.001514 0)
(1.05039 -0.000504633 0)
(1.1216 -0.00885689 0)
(1.11563 -0.00889771 0)
(1.10968 -0.0088292 0)
(1.10381 -0.00866166 0)
(1.09808 -0.00840663 0)
(1.09256 -0.00807604 0)
(1.08728 -0.00768155 0)
(1.08228 -0.00723416 0)
(1.07761 -0.00674398 0)
(1.07327 -0.00621999 0)
(1.0693 -0.00567005 0)
(1.0657 -0.00510076 0)
(1.06249 -0.00451761 0)
(1.05967 -0.00392495 0)
(1.05725 -0.00332614 0)
(1.05524 -0.00272367 0)
(1.05362 -0.00211924 0)
(1.05241 -0.00151394 0)
(1.0516 -0.000908373 0)
(1.0512 -0.000302784 0)
(1.12153 -0.00294068 0)
(1.11564 -0.00295408 0)
(1.10975 -0.00293213 0)
(1.10395 -0.0028775 0)
(1.09827 -0.00279379 0)
(1.0928 -0.00268488 0)
(1.08756 -0.0025546 0)
(1.08259 -0.00240659 0)
(1.07794 -0.00224419 0)
(1.07363 -0.0020704 0)
(1.06967 -0.00188782 0)
(1.06609 -0.00169866 0)
(1.06288 -0.00150477 0)
(1.06007 -0.00130759 0)
(1.05765 -0.00110827 0)
(1.05564 -0.000907643 0)
(1.05402 -0.000706293 0)
(1.05281 -0.000504599 0)
(1.05201 -0.000302777 0)
(1.0516 -0.000100925 0)
(1.31171 -0.0163233 -1.34935e-21)
(1.30562 -0.0529061 1.10471e-21)
(1.29361 -0.0881936 1.5727e-21)
(1.27596 -0.121381 4.31153e-21)
(1.25308 -0.151708 8.46158e-21)
(1.22547 -0.17847 -6.9516e-20)
(1.19376 -0.201035 0)
(1.15869 -0.218851 0)
(1.12111 -0.231417 1.895e-21)
(1.08341 -0.241335 1.83096e-21)
(1.29005 -0.0136326 2.19679e-22)
(1.28503 -0.0449585 0)
(1.27511 -0.0752798 1.49816e-20)
(1.26052 -0.103983 -2.1313e-21)
(1.24162 -0.130497 0)
(1.21882 -0.154301 -3.35939e-20)
(1.19263 -0.174939 4.10995e-20)
(1.16358 -0.191993 -3.92563e-21)
(1.13213 -0.204864 0)
(1.09888 -0.216427 -5.69846e-20)
(1.27136 -0.01141 2.30211e-22)
(1.26719 -0.038352 2.45218e-21)
(1.25892 -0.0645061 -1.51673e-21)
(1.24672 -0.0893958 -1.32987e-20)
(1.23089 -0.112574 4.15856e-21)
(1.21174 -0.13363 4.0918e-21)
(1.18969 -0.152188 4.31622e-20)
(1.16514 -0.167903 -4.59265e-20)
(1.13859 -0.180288 4.94142e-20)
(1.11036 -0.192074 -6.16955e-20)
(1.25518 -0.00956479 0)
(1.25168 -0.0328216 1.8589e-22)
(1.2447 -0.0554504 -1.23259e-20)
(1.23441 -0.0770768 -8.45244e-22)
(1.22103 -0.0973474 0)
(1.20483 -0.115931 0)
(1.18613 -0.132517 4.00683e-21)
(1.16529 -0.14684 -4.3991e-20)
(1.14274 -0.158566 5.54891e-20)
(1.11866 -0.169866 1.89196e-21)
(1.24111 -0.00802446 0)
(1.23814 -0.0281582 -3.66762e-22)
(1.2322 -0.047784 -4.05454e-21)
(1.22341 -0.0666027 1.33262e-20)
(1.21198 -0.0843277 8.19504e-21)
(1.19812 -0.100685 2.01551e-20)
(1.18212 -0.115423 -3.99466e-21)
(1.1643 -0.128357 -3.93323e-21)
(1.14501 -0.139258 -4.83873e-20)
(1.12439 -0.149738 -5.33048e-20)
(1.22885 -0.00673251 -1.90311e-22)
(1.22631 -0.0241978 -2.07662e-21)
(1.22119 -0.0412466 -5.63769e-22)
(1.21361 -0.0576353 -2.05347e-21)
(1.20373 -0.0731266 0)
(1.19176 -0.0874938 3.20426e-20)
(1.17795 -0.100543 0)
(1.16258 -0.112147 0)
(1.14595 -0.122128 -5.00511e-20)
(1.12817 -0.131651 -3.99037e-21)
(1.21815 -0.00564445 6.56079e-22)
(1.21596 -0.0208115 3.08896e-21)
(1.21151 -0.0356324 3.68475e-21)
(1.20489 -0.0499059 2.03787e-21)
(1.19627 -0.0634345 -3.89186e-21)
(1.18583 -0.0760341 5.32017e-21)
(1.1738 -0.087557 3.96872e-21)
(1.16042 -0.0979056 3.92258e-21)
(1.14596 -0.10693 0)
(1.1305 -0.115465 1.01495e-19)
(1.20881 -0.00472488 -1.37741e-21)
(1.2069 -0.0178967 -1.02214e-21)
(1.20298 -0.0307778 0)
(1.19715 -0.0432005 0)
(1.18955 -0.0550013 -1.23424e-20)
(1.18036 -0.0660323 -1.49885e-20)
(1.16978 -0.0761783 3.95604e-21)
(1.15803 -0.0853545 3.91549e-21)
(1.14533 -0.0934307 0)
(1.13179 -0.101005 4.25621e-21)
(1.20066 -0.00394541 -3.30112e-22)
(1.19898 -0.0153715 8.9367e-22)
(1.1955 -0.0265519 -2.02389e-21)
(1.19031 -0.0373466 -2.07582e-21)
(1.18355 -0.0476212 -6.45067e-21)
(1.17537 -0.0572565 0)
(1.16597 -0.0661581 1.09877e-20)
(1.15555 -0.0742476 -3.90799e-21)
(1.14429 -0.0814131 0)
(1.13232 -0.0880802 -4.71409e-20)
(1.19355 -0.00328304 8.50315e-22)
(1.19206 -0.01317 1.92669e-21)
(1.18895 -0.0228486 0)
(1.18429 -0.0322029 -8.21008e-21)
(1.17821 -0.0411223 -5.10455e-21)
(1.17087 -0.0495098 -3.96113e-21)
(1.16243 -0.0572843 1.5337e-20)
(1.15309 -0.0643726 3.90045e-21)
(1.14301 -0.0706808 -1.93497e-21)
(1.13233 -0.076507 -1.91677e-21)
(1.18738 -0.00271891 6.59903e-23)
(1.18605 -0.0112381 2.00875e-21)
(1.18323 -0.0195812 4.06525e-25)
(1.17901 -0.0276522 -1.99591e-21)
(1.17349 -0.0353607 9.88414e-21)
(1.16683 -0.0426259 0)
(1.15919 -0.0493766 -1.6429e-20)
(1.15072 -0.0555457 -3.89317e-21)
(1.14162 -0.0610556 0)
(1.13199 -0.0661092 0)
(1.18206 -0.00223738 -9.33912e-22)
(1.18085 -0.00953138 -1.00013e-21)
(1.17828 -0.0166774 -3.10131e-21)
(1.17441 -0.0235968 5.06209e-21)
(1.16936 -0.0302151 7.91587e-21)
(1.16326 -0.0364644 3.93648e-21)
(1.15626 -0.0422819 -1.67549e-20)
(1.14852 -0.0476076 8.97321e-21)
(1.1402 -0.0523774 0)
(1.13143 -0.0567242 0)
(1.17749 -0.00182524 9.97329e-22)
(1.17639 -0.0080125 9.96362e-22)
(1.17402 -0.0140768 -4.10101e-21)
(1.17045 -0.019954 3.89141e-21)
(1.16577 -0.025583 0)
(1.16013 -0.0309064 0)
(1.15366 -0.0358693 3.90471e-21)
(1.14651 -0.0404192 2.84143e-20)
(1.13883 -0.0445032 1.08121e-20)
(1.13077 -0.0482031 -1.60391e-20)
(1.17362 -0.00147121 -4.53615e-23)
(1.17261 -0.00664984 2.56575e-22)
(1.17041 -0.0117278 -1.00466e-21)
(1.16707 -0.0166535 1.21193e-23)
(1.16271 -0.021377 -6.92641e-21)
(1.15744 -0.0258501 -3.6288e-21)
(1.15139 -0.0300257 8.15447e-21)
(1.14472 -0.0338586 1.55247e-20)
(1.13757 -0.0373048 1.11758e-20)
(1.13006 -0.0404109 -4.30282e-21)
(1.17039 -0.00116547 9.45061e-22)
(1.16946 -0.00541623 1.46991e-21)
(1.16739 -0.00958633 -1.97687e-21)
(1.16425 -0.013635 -7.62992e-22)
(1.16014 -0.017522 -3.08596e-21)
(1.15517 -0.0212077 -7.65547e-21)
(1.14947 -0.0246524 4.39272e-21)
(1.14318 -0.0278179 3.86987e-21)
(1.13644 -0.0306678 2.64177e-21)
(1.12938 -0.0332251 5.53974e-21)
(1.16776 -0.000899396 9.89095e-22)
(1.16689 -0.00428804 1.21071e-21)
(1.16493 -0.00761408 -1.97277e-21)
(1.16195 -0.0108462 1.96708e-21)
(1.15804 -0.0139528 6.83766e-21)
(1.1533 -0.0169022 3.90457e-21)
(1.14788 -0.019662 -3.88645e-21)
(1.14189 -0.0222008 -3.86597e-21)
(1.13548 -0.0244888 4.72667e-21)
(1.12877 -0.0265341 -5.22416e-21)
(1.1657 -0.000665251 0)
(1.16487 -0.00324443 0)
(1.163 -0.00577732 0)
(1.16014 -0.00824092 -2.95668e-22)
(1.15639 -0.0106117 -2.95005e-22)
(1.15184 -0.0128652 0)
(1.14663 -0.0149764 1.06415e-21)
(1.14087 -0.0169205 0)
(1.1347 -0.0186737 0)
(1.12825 -0.020236 0)
(1.16417 -0.00045603 0)
(1.16338 -0.00226671 0)
(1.16158 -0.00404588 -1.96722e-21)
(1.15882 -0.00577797 -2.27443e-21)
(1.15518 -0.00744669 4.45755e-21)
(1.15077 -0.00903484 3.89672e-21)
(1.14571 -0.0105245 5.00313e-21)
(1.14012 -0.0118975 4.65863e-21)
(1.13413 -0.0131361 -1.92094e-21)
(1.12785 -0.0142365 -1.91029e-21)
(1.16317 -0.000265255 0)
(1.1624 -0.00133788 0)
(1.16065 -0.00239234 -1.96571e-21)
(1.15796 -0.00341968 1.91335e-21)
(1.1544 -0.00441041 7.60986e-21)
(1.15009 -0.00535428 3.89475e-21)
(1.14514 -0.00624046 -4.04674e-21)
(1.13965 -0.00705779 -2.9967e-21)
(1.13376 -0.00779511 -2.12828e-22)
(1.12758 -0.00844833 0)
(1.16267 -8.71323e-05 0)
(1.16193 -0.000443162 1.96816e-21)
(1.16021 -0.000792936 2.14419e-25)
(1.15756 -0.00113332 -2.01559e-21)
(1.15407 -0.00146105 7.00215e-23)
(1.14982 -0.00177262 -3.89419e-21)
(1.14492 -0.00206433 -1.96446e-22)
(1.13948 -0.00233242 3.85942e-21)
(1.13363 -0.00257307 -2.16846e-21)
(1.12748 -0.00278474 -1.90987e-21)
(1.07756 0.273832 5.40596e-20)
(1.08009 0.304849 0)
(1.08302 0.341326 5.25306e-20)
(1.08646 0.384558 4.93423e-20)
(1.09056 0.436326 8.30778e-20)
(1.09551 0.499064 4.08916e-20)
(1.10155 0.576142 -1.22416e-26)
(1.10907 0.672334 -1.40473e-20)
(1.11858 0.794567 0)
(1.13086 0.953216 8.01753e-20)
(1.12119 0.266801 3.07017e-21)
(1.12846 0.297175 8.51777e-21)
(1.13697 0.33281 4.79789e-20)
(1.14703 0.375018 -1.71942e-20)
(1.15907 0.425548 6.27609e-20)
(1.17367 0.486775 0)
(1.1916 0.56199 0)
(1.214 0.655848 0)
(1.24244 0.775114 -4.34982e-21)
(1.27934 0.929916 8.2128e-20)
(1.16337 0.253241 -4.72462e-20)
(1.17516 0.282192 7.74946e-20)
(1.18899 0.316117 -4.31215e-20)
(1.2054 0.356271 -8.44622e-20)
(1.22507 0.40432 3.73438e-20)
(1.24896 0.462526 1.04365e-19)
(1.27835 0.534018 8.86436e-20)
(1.31506 0.623223 0)
(1.36175 0.736575 8.38058e-20)
(1.42236 0.883705 9.07748e-20)
(1.20303 0.233523 0)
(1.219 0.260323 -4.15214e-20)
(1.2378 0.291695 -3.7981e-20)
(1.26014 0.328799 0)
(1.28695 0.373177 1.64385e-20)
(1.31953 0.42692 8.78425e-20)
(1.35963 0.492919 7.68064e-20)
(1.40977 0.575263 0)
(1.47356 0.679894 1.75276e-19)
(1.5564 0.815709 9.50444e-20)
(1.23914 0.208199 3.31899e-20)
(1.25889 0.232156 -8.36623e-20)
(1.28218 0.260178 -5.10978e-20)
(1.30987 0.293301 -1.5289e-20)
(1.34316 0.332901 2.29933e-20)
(1.38362 0.380844 -5.12514e-20)
(1.43345 0.43971 -1.08858e-20)
(1.49577 0.513149 4.34241e-21)
(1.57508 0.606462 9.39499e-20)
(1.67813 0.72759 -4.95704e-20)
(1.27077 0.177912 4.07789e-21)
(1.29381 0.198404 0)
(1.321 0.222361 -3.53866e-20)
(1.35337 0.250666 0)
(1.39229 0.284495 8.77448e-20)
(1.43963 0.325442 -2.89666e-20)
(1.49796 0.375709 4.6261e-20)
(1.57092 0.438415 3.5889e-21)
(1.6638 0.518089 2.43422e-21)
(1.78451 0.621517 -5.01977e-20)
(1.29709 0.143402 -2.34892e-20)
(1.32285 0.159901 4.69997e-20)
(1.35328 0.179182 0)
(1.38952 0.201953 -3.79003e-20)
(1.43313 0.22916 3.88632e-20)
(1.48618 0.262084 4.08282e-20)
(1.55156 0.302498 -3.80081e-21)
(1.63336 0.352907 -2.81091e-21)
(1.73752 0.416956 -4.84326e-20)
(1.87291 0.500103 0)
(1.31743 0.105508 -1.75316e-20)
(1.34529 0.117591 4.01883e-20)
(1.3782 0.131704 -3.78659e-21)
(1.41743 0.148364 -3.82967e-20)
(1.46464 0.168263 1.66901e-20)
(1.52209 0.192339 4.13333e-20)
(1.59291 0.221886 -1.65453e-20)
(1.68153 0.25874 2.01344e-21)
(1.79438 0.305564 -4.92265e-20)
(1.9411 0.366352 -2.62654e-22)
(1.33127 0.065153 8.9302e-21)
(1.36053 0.0725084 9.22947e-21)
(1.39513 0.0810915 0)
(1.43638 0.0912174 -8.69138e-21)
(1.48603 0.103306 2.10873e-20)
(1.54646 0.117928 1.05096e-20)
(1.62097 0.135868 2.19859e-20)
(1.71422 0.158243 0)
(1.83298 0.186671 -1.24817e-20)
(1.98739 0.223577 7.83853e-23)
(1.33824 0.0233181 -9.25085e-21)
(1.36821 0.0257542 9.06684e-21)
(1.40364 0.0285864 -1.79856e-22)
(1.4459 0.0319187 -9.78454e-21)
(1.49677 0.0358898 0)
(1.55869 0.0406872 1.05512e-20)
(1.63505 0.0465701 0)
(1.73062 0.0539049 0)
(1.85234 0.0632235 -1.25469e-20)
(2.01061 0.0753227 0)
(0.777517 0.0217614 5.81919e-21)
(0.746873 0.0241535 4.49043e-21)
(0.710852 0.0269827 4.80603e-21)
(0.668099 0.0303502 5.60228e-22)
(0.616808 0.0343947 0)
(0.55454 0.0393063 -5.60356e-22)
(0.477923 0.0453489 0)
(0.382188 0.052896 0)
(0.260408 0.0624907 5.60596e-22)
(0.102217 0.074945 0)
(0.784211 0.0646926 -1.67459e-21)
(0.754383 0.0718382 -8.86369e-22)
(0.719283 0.0802687 0)
(0.677601 0.0902943 9.70225e-22)
(0.627586 0.102332 -2.70031e-21)
(0.566859 0.116948 -1.0914e-21)
(0.492134 0.134928 -2.84947e-21)
(0.398757 0.157385 0)
(0.279973 0.185934 1.40491e-21)
(0.125671 0.222993 -6.68069e-22)
(0.797612 0.105955 4.73021e-21)
(0.769292 0.117706 -2.77986e-20)
(0.735967 0.131547 8.18898e-28)
(0.696386 0.147994 -9.42334e-21)
(0.648883 0.167735 1.27422e-20)
(0.591199 0.191701 -8.79334e-21)
(0.520207 0.221182 -2.02619e-20)
(0.43149 0.258 -1.01065e-20)
(0.318625 0.304805 1.00496e-20)
(0.172004 0.365561 1.31976e-21)
(0.817319 0.144574 -3.1534e-20)
(0.791221 0.160637 -4.81583e-20)
(0.7605 0.179552 0)
(0.724002 0.202024 9.90572e-21)
(0.680186 0.22899 -1.16002e-20)
(0.626967 0.261724 -1.08652e-20)
(0.561461 0.301985 1.14496e-20)
(0.479587 0.352266 9.9194e-21)
(0.375418 0.416181 1.33444e-20)
(0.240082 0.499146 0)
(0.842865 0.179571 -1.32395e-20)
(0.819643 0.199561 0)
(0.792291 0.223094 1.38048e-20)
(0.759779 0.251046 0)
(0.720733 0.284584 -5.92917e-20)
(0.673293 0.325288 -1.30103e-20)
(0.614886 0.375349 -2.69412e-20)
(0.541872 0.437862 -9.67183e-21)
(0.448961 0.517324 -6.56366e-21)
(0.328236 0.620465 1.64162e-20)
(0.873648 0.21007 6.21625e-20)
(0.853879 0.233508 6.90308e-20)
(0.830573 0.261093 5.01174e-20)
(0.802852 0.29385 0)
(0.76954 0.333145 -4.66487e-20)
(0.729049 0.380829 1.70988e-20)
(0.679179 0.439466 2.34624e-20)
(0.616821 0.512682 -9.36539e-21)
(0.537454 0.605745 -4.88413e-20)
(0.434308 0.726537 2.26987e-20)
(0.908933 0.235316 0)
(0.893104 0.261636 6.7851e-20)
(0.874423 0.292609 6.72158e-20)
(0.852178 0.329379 0)
(0.825421 0.373477 -2.91481e-20)
(0.792874 0.426979 -6.83851e-20)
(0.752769 0.492759 -4.40981e-20)
(0.702601 0.574887 0)
(0.638729 0.679271 -9.80184e-20)
(0.555698 0.814753 -5.33993e-20)
(0.947829 0.254673 7.01047e-20)
(0.936364 0.283242 -1.45221e-20)
(0.922784 0.31686 0)
(0.906564 0.356758 4.4533e-20)
(0.887017 0.404589 0)
(0.863211 0.462604 -7.08085e-20)
(0.833853 0.533919 -6.98021e-20)
(0.797108 0.622946 1.71673e-20)
(0.750304 0.736091 -4.36256e-20)
(0.689432 0.882943 -6.03391e-20)
(0.989347 0.267565 2.04165e-20)
(0.982655 0.297763 1.93107e-20)
(0.974515 0.33325 -6.06058e-20)
(0.964703 0.375322 -9.74673e-21)
(0.95283 0.425725 -5.10951e-20)
(0.93834 0.486834 0)
(0.920446 0.561935 0)
(0.898026 0.655677 0)
(0.869441 0.774807 0)
(0.832231 0.929424 -6.54939e-20)
(1.03357 0.273561 -4.76651e-20)
(1.03117 0.304869 0)
(1.02844 0.341418 -5.6753e-20)
(1.02519 0.384645 -5.33128e-20)
(1.02125 0.436383 -7.85388e-20)
(1.01642 0.499084 -4.41919e-20)
(1.01042 0.576125 -1.13128e-26)
(1.00287 0.672276 1.51837e-20)
(0.993214 0.794462 0)
(0.980588 0.953045 -7.38093e-20)
(0.99536 0.0065439 0)
(0.988384 0.00338835 0)
(0.983544 0.00354011 1.66611e-21)
(0.978495 0.00372508 1.65756e-21)
(0.973194 0.0039463 -3.02486e-24)
(0.967589 0.00420771 -3.28064e-21)
(0.961627 0.00451434 -3.25767e-21)
(0.955246 0.00487246 -2.12296e-24)
(0.948374 0.0052898 3.21404e-21)
(0.940932 0.0057758 3.18708e-21)
(0.932826 0.00634203 -6.31922e-21)
(0.923947 0.0070027 -1.25161e-20)
(0.914168 0.00777533 -1.23832e-20)
(0.903335 0.00868156 -1.22332e-20)
(0.891269 0.00974839 -6.03518e-21)
(0.877751 0.0110097 0)
(0.862517 0.0125088 0)
(0.845244 0.0143014 5.72049e-21)
(0.82553 0.016461 5.58647e-21)
(0.802859 0.0191075 5.42017e-21)
(0.995518 0.0193717 7.80484e-24)
(0.988668 0.0101078 0)
(0.983885 0.0105615 0)
(0.978897 0.0111141 0)
(0.973663 0.0117748 3.60286e-24)
(0.968133 0.0125553 6.55667e-21)
(0.962256 0.0134708 2.18758e-24)
(0.955972 0.0145401 -6.46123e-21)
(0.949213 0.0157861 -7.16042e-24)
(0.941903 0.017237 5.53573e-24)
(0.933952 0.0189272 9.92079e-24)
(0.925259 0.0208988 0)
(0.915702 0.0232038 -1.36625e-23)
(0.905139 0.0259062 3.71646e-23)
(0.893402 0.0290859 -2.68248e-23)
(0.880291 0.0328424 -2.3631e-20)
(0.865566 0.0373018 -1.82514e-23)
(0.848938 0.0426251 2.27744e-20)
(0.830061 0.0490178 0)
(0.808502 0.0568315 3.31084e-23)
(0.995837 0.0314264 9.97065e-24)
(0.98925 0.0166548 6.54202e-24)
(0.984584 0.0174058 5.10612e-24)
(0.979724 0.0183186 0)
(0.974628 0.019409 1.36354e-24)
(0.969255 0.0206967 -1.00623e-24)
(0.963555 0.0222069 0)
(0.957475 0.0239707 -6.96523e-24)
(0.950953 0.0260262 -1.06757e-23)
(0.94392 0.0284194 9.45059e-24)
(0.936296 0.0312066 0)
(0.92799 0.0344563 -2.57605e-23)
(0.918898 0.0382528 0)
(0.908898 0.0427001 2.42341e-20)
(0.897848 0.0479267 2.38002e-20)
(0.885583 0.0540925 8.8714e-24)
(0.871909 0.0613974 -4.60271e-20)
(0.856601 0.0700936 -1.95179e-22)
(0.839394 0.0804916 8.77907e-20)
(0.819972 0.0931913 8.54782e-20)
(0.996302 0.0422368 -3.40961e-21)
(0.990116 0.0229221 -3.36319e-21)
(0.985621 0.0239621 -6.67086e-21)
(0.980945 0.0252223 -6.63285e-21)
(0.976052 0.0267252 -1.3168e-20)
(0.970908 0.0284988 -3.50972e-23)
(0.965471 0.0305786 1.2975e-20)
(0.959693 0.0330082 2.57088e-20)
(0.953523 0.03584 2.55696e-20)
(0.946901 0.0391374 -3.30245e-23)
(0.939762 0.0429763 -2.50358e-20)
(0.932031 0.0474491 -2.47093e-20)
(0.923626 0.0526687 0)
(0.914456 0.058774 5.43616e-23)
(0.904419 0.0659362 -7.9906e-23)
(0.893399 0.074367 4.63973e-20)
(0.881271 0.0843278 1.9684e-22)
(0.867896 0.0961432 -4.46343e-20)
(0.853128 0.110198 -1.56673e-22)
(0.836853 0.127378 3.60712e-22)
(0.9969 0.0514076 3.37367e-21)
(0.991257 0.0288221 -3.32803e-21)
(0.986979 0.0301395 6.66707e-21)
(0.982536 0.0317284 2.48115e-23)
(0.977905 0.0336184 -1.31247e-20)
(0.973057 0.0358467 -2.60955e-20)
(0.967961 0.0384599 -2.59987e-20)
(0.96258 0.0415144 0)
(0.956872 0.0450767 1.36748e-22)
(0.950792 0.0492259 5.01593e-20)
(0.94429 0.0540558 1.23214e-22)
(0.937314 0.0596788 -1.20115e-22)
(0.92981 0.0662311 2.59251e-22)
(0.921723 0.073879 -4.72668e-20)
(0.913003 0.0828266 -4.64586e-20)
(0.903601 0.0933253 -4.53415e-20)
(0.893478 0.105682 0)
(0.882608 0.12027 3.26424e-22)
(0.870985 0.137509 0)
(0.85879 0.158585 9.22932e-22)
(0.997616 0.0586305 -1.08007e-22)
(0.992662 0.0342898 2.51271e-23)
(0.988634 0.0358701 3.08487e-23)
(0.984464 0.0377617 0)
(0.980141 0.0400028 4.56246e-23)
(0.975649 0.0426428 -5.58524e-23)
(0.970968 0.0457412 0)
(0.966072 0.0493678 0)
(0.960932 0.0536026 -5.03102e-20)
(0.955518 0.0585387 -5.00617e-20)
(0.949801 0.0642848 -1.31499e-22)
(0.943753 0.0709695 0)
(0.937352 0.0787458 -4.74352e-20)
(0.930588 0.0877979 -1.9776e-22)
(0.923467 0.0983495 9.15466e-20)
(0.916021 0.110673 4.52477e-20)
(0.908314 0.125101 0)
(0.900457 0.142023 3.98463e-22)
(0.892604 0.161859 -8.11319e-20)
(0.885312 0.186077 -5.49556e-22)
(0.998433 0.063689 -6.74189e-21)
(0.994316 0.0392898 -6.78032e-21)
(0.990554 0.0411162 5.87806e-23)
(0.986678 0.0432717 0)
(0.9827 0.045812 -7.53244e-23)
(0.978618 0.0488062 2.59694e-20)
(0.974422 0.05233 2.59304e-20)
(0.970095 0.0564661 1.12436e-22)
(0.965622 0.061306 -1.29193e-22)
(0.96099 0.0669537 -1.48699e-22)
(0.956193 0.0735292 4.84506e-20)
(0.951234 0.0811723 4.78662e-20)
(0.94613 0.0900466 2.28125e-22)
(0.940916 0.100345 2.63431e-22)
(0.935662 0.112295 0)
(0.930479 0.126168 -3.51747e-22)
(0.925544 0.142287 4.06743e-22)
(0.92112 0.161022 0)
(0.917545 0.182762 -8.79019e-24)
(0.915835 0.209211 0)
(0.999344 0.0664436 1.43854e-22)
(0.996212 0.0438345 1.33708e-20)
(0.992691 0.0458809 1.34637e-20)
(0.989107 0.0482307 0)
(0.985503 0.0509922 -9.26427e-23)
(0.981887 0.0542669 1.04029e-22)
(0.978247 0.0581476 5.12065e-20)
(0.974573 0.0627259 1.01334e-19)
(0.970862 0.0681001 4.99411e-20)
(0.967117 0.0743797 -1.73354e-22)
(0.963361 0.0816901 1.9842e-22)
(0.959632 0.0901763 -2.27467e-22)
(0.95599 0.100005 2.61056e-22)
(0.95253 0.111369 2.99829e-22)
(0.949385 0.124488 0)
(0.946748 0.13961 -3.95952e-22)
(0.944898 0.157009 -8.05648e-20)
(0.944232 0.176982 -7.98974e-20)
(0.945288 0.199848 -6.00107e-22)
(0.94962 0.227449 0)
(1.00039 0.0667602 -6.85445e-21)
(0.998377 0.0480658 -6.74996e-21)
(0.994959 0.0502204 -6.73257e-23)
(0.991635 0.0526163 0)
(0.988448 0.0554849 0)
(0.98537 0.0589555 -8.22938e-23)
(0.982372 0.0631241 5.07161e-20)
(0.979442 0.0680805 5.0488e-20)
(0.976587 0.073921 0)
(0.973834 0.0807538 0)
(0.971232 0.0887029 -1.32937e-22)
(0.968859 0.0979107 0)
(0.966828 0.108539 0)
(0.965294 0.120768 0)
(0.964468 0.134798 -8.35927e-20)
(0.964629 0.150835 -8.27465e-20)
(0.966149 0.16908 7.78177e-20)
(0.969519 0.189697 7.63245e-20)
(0.975428 0.212902 0)
(0.985936 0.24039 3.89629e-22)
(1.0018 0.0642341 -9.09425e-23)
(1.00097 0.052637 0)
(0.997112 0.054188 -7.40083e-23)
(0.994072 0.0563503 0)
(0.991421 0.0592004 -2.6052e-20)
(0.989 0.0627957 2.52907e-20)
(0.98675 0.0671969 5.83185e-22)
(0.984666 0.0724757 -5.04134e-20)
(0.982774 0.0787181 0)
(0.981128 0.0860248 0)
(0.979815 0.0945119 -1.42624e-22)
(0.978955 0.104311 -8.94793e-20)
(0.97872 0.115567 -2.28563e-21)
(0.979335 0.128437 1.69591e-19)
(0.981103 0.143076 2.51016e-21)
(0.984415 0.159629 -7.97408e-20)
(0.989761 0.178199 2.8421e-22)
(0.997727 0.198825 -7.06278e-20)
(1.00909 0.22161 -6.97054e-20)
(1.02599 0.247839 4.01533e-22)
(1.00129 0.0610061 0)
(1.00111 0.0564713 0)
(0.998503 0.0571465 0)
(0.996386 0.0589356 0)
(0.994572 0.0616229 0)
(0.992987 0.0651551 0)
(0.991619 0.0695441 0)
(0.990488 0.0748342 0)
(0.989644 0.0810911 0)
(0.989162 0.088396 0)
(0.989154 0.0968427 0)
(0.989765 0.106535 0)
(0.99119 0.11758 0)
(0.993681 0.130086 0)
(0.997563 0.144145 0)
(1.00324 0.159818 0)
(1.01122 0.177109 0)
(1.02212 0.195946 0)
(1.03675 0.216226 0)
(1.05693 0.238183 0)
(1.00039 0.0593248 0)
(1.0004 0.0583193 0)
(0.999489 0.0588164 0)
(0.998473 0.060397 0)
(0.997566 0.0628815 0)
(0.99684 0.0662051 0)
(0.99634 0.0703598 0)
(0.996119 0.075369 0)
(0.996243 0.081275 0)
(0.996802 0.088132 0)
(0.997913 0.0960017 0)
(0.999726 0.104948 0)
(1.00243 0.115032 0)
(1.00627 0.126302 0)
(1.01153 0.138781 0)
(1.01858 0.152452 0)
(1.02783 0.167234 0)
(1.03981 0.182952 0)
(1.05509 0.199302 0)
(1.07432 0.215695 0)
(1.00028 0.058649 0)
(1.0006 0.0586651 0)
(1.00058 0.0594029 0)
(1.00045 0.0609546 0)
(1.00038 0.0633015 0)
(1.00047 0.0664242 0)
(1.00078 0.0703214 0)
(1.0014 0.0750074 0)
(1.00241 0.080508 0)
(1.00389 0.0868556 0)
(1.00597 0.0940843 0)
(1.0088 0.102225 0)
(1.01254 0.111299 0)
(1.01743 0.121309 0)
(1.02371 0.132226 0)
(1.0317 0.143977 0)
(1.04172 0.156422 0)
(1.05418 0.169328 0)
(1.06949 0.182337 0)
(1.08802 0.194902 0)
(1.00041 0.0579572 0)
(1.00115 0.0582896 0)
(1.00178 0.0591758 0)
(1.00237 0.0607175 0)
(1.00304 0.0629458 0)
(1.00386 0.0658692 0)
(1.00492 0.0694944 0)
(1.00631 0.0738316 0)
(1.00809 0.0788946 0)
(1.01038 0.0846984 0)
(1.01328 0.0912551 0)
(1.01694 0.0985691 0)
(1.02152 0.106631 0)
(1.0272 0.115409 0)
(1.0342 0.124838 0)
(1.04277 0.134808 0)
(1.05318 0.145148 0)
(1.06572 0.155602 0)
(1.08066 0.165814 0)
(1.09826 0.175301 0)
(1.00061 0.0569333 0)
(1.00182 0.0573605 0)
(1.00301 0.0582935 0)
(1.00422 0.059794 0)
(1.00553 0.0618951 0)
(1.00701 0.0646127 0)
(1.00875 0.0679557 0)
(1.0108 0.0719302 0)
(1.01327 0.0765408 0)
(1.01625 0.0817888 0)
(1.01984 0.0876691 0)
(1.02417 0.0941658 0)
(1.02938 0.101247 0)
(1.03564 0.108857 0)
(1.04311 0.116909 0)
(1.05201 0.125272 0)
(1.06252 0.13376 0)
(1.07485 0.14212 0)
(1.08919 0.150017 0)
(1.10567 0.157025 0)
(1.00084 0.0554824 0)
(1.00251 0.0559257 0)
(1.00421 0.0568438 0)
(1.00597 0.0582701 0)
(1.00785 0.060228 0)
(1.00992 0.0627311 0)
(1.01224 0.0657855 0)
(1.01489 0.0693929 0)
(1.01795 0.0735499 0)
(1.02151 0.0782471 0)
(1.02566 0.0834666 0)
(1.03052 0.0891783 0)
(1.03621 0.0953346 0)
(1.04286 0.101865 0)
(1.05061 0.10867 0)
(1.05962 0.115609 0)
(1.07003 0.1225 0)
(1.08198 0.1291 0)
(1.09557 0.135108 0)
(1.11087 0.140156 0)
(1.00106 0.0535882 0)
(1.00318 0.0540162 0)
(1.00535 0.0548859 0)
(1.00761 0.0562146 0)
(1.00999 0.058016 0)
(1.01257 0.060298 0)
(1.01541 0.0630625 0)
(1.01857 0.066306 0)
(1.02213 0.0700186 0)
(1.02617 0.0741831 0)
(1.03077 0.0787722 0)
(1.03604 0.0837461 0)
(1.04207 0.0890479 0)
(1.04897 0.0945993 0)
(1.05686 0.100295 0)
(1.06584 0.105997 0)
(1.07601 0.11153 0)
(1.08746 0.116673 0)
(1.10024 0.121162 0)
(1.11437 0.124681 0)
(1.00127 0.051266 0)
(1.00381 0.051665 0)
(1.00641 0.0524691 0)
(1.0091 0.0536864 0)
(1.01194 0.0553233 0)
(1.01497 0.0573822 0)
(1.01825 0.0598606 0)
(1.02185 0.06275 0)
(1.02583 0.0660356 0)
(1.03026 0.0696943 0)
(1.03522 0.073693 0)
(1.04079 0.0779861 0)
(1.04706 0.0825118 0)
(1.0541 0.0871892 0)
(1.06201 0.091914 0)
(1.07086 0.0965547 0)
(1.08071 0.100949 0)
(1.09161 0.104902 0)
(1.10358 0.108183 0)
(1.11658 0.110531 0)
(1.00146 0.0485448 0)
(1.00439 0.0489088 0)
(1.00737 0.0496391 0)
(1.01046 0.0507386 0)
(1.01369 0.0522086 0)
(1.01711 0.0540471 0)
(1.02078 0.0562475 0)
(1.02474 0.0587979 0)
(1.02907 0.0616794 0)
(1.03382 0.0648655 0)
(1.03906 0.0683196 0)
(1.04486 0.0719933 0)
(1.05127 0.0758239 0)
(1.05837 0.0797316 0)
(1.06622 0.0836171 0)
(1.07487 0.0873586 0)
(1.08436 0.0908104 0)
(1.09469 0.0938017 0)
(1.10587 0.0961374 0)
(1.11784 0.0976018 0)
(1.00163 0.0454595 0)
(1.00491 0.0457862 0)
(1.00824 0.0464399 0)
(1.01167 0.0474203 0)
(1.01525 0.0487254 0)
(1.01901 0.0503499 0)
(1.023 0.0522845 0)
(1.02728 0.0545144 0)
(1.03189 0.0570187 0)
(1.0369 0.0597686 0)
(1.04235 0.0627264 0)
(1.0483 0.0658436 0)
(1.0548 0.0690588 0)
(1.0619 0.0722964 0)
(1.06964 0.0754642 0)
(1.07805 0.0784523 0)
(1.08715 0.0811323 0)
(1.09694 0.0833571 0)
(1.10738 0.0849633 0)
(1.11841 0.085774 0)
(1.00178 0.0420476 0)
(1.00537 0.0423366 0)
(1.00901 0.0429139 0)
(1.01275 0.0437774 0)
(1.01662 0.0449228 0)
(1.02067 0.0463427 0)
(1.02494 0.0480261 0)
(1.02948 0.0499566 0)
(1.03433 0.0521122 0)
(1.03953 0.0544638 0)
(1.04514 0.0569739 0)
(1.05119 0.0595958 0)
(1.05773 0.0622714 0)
(1.06478 0.064931 0)
(1.07238 0.067491 0)
(1.08054 0.0698542 0)
(1.08926 0.0719091 0)
(1.09852 0.0735311 0)
(1.10829 0.0745844 0)
(1.11849 0.0749253 0)
(1.00192 0.0383465 0)
(1.00577 0.0385988 0)
(1.00968 0.0391018 0)
(1.01368 0.0398525 0)
(1.01781 0.0408455 0)
(1.02211 0.0420722 0)
(1.02661 0.0435205 0)
(1.03136 0.0451737 0)
(1.0364 0.0470098 0)
(1.04176 0.0490004 0)
(1.04748 0.0511097 0)
(1.0536 0.0532941 0)
(1.06013 0.0555002 0)
(1.06712 0.057665 0)
(1.07456 0.0597146 0)
(1.08247 0.0615643 0)
(1.09083 0.0631189 0)
(1.09961 0.0642739 0)
(1.10877 0.0649176 0)
(1.11823 0.0649344 0)
(1.00204 0.0343933 0)
(1.00612 0.0346101 0)
(1.01026 0.0350421 0)
(1.01449 0.0356855 0)
(1.01884 0.0365344 0)
(1.02334 0.0375799 0)
(1.02804 0.0388099 0)
(1.03297 0.040208 0)
(1.03815 0.0417529 0)
(1.04363 0.0434181 0)
(1.04943 0.0451706 0)
(1.05558 0.0469705 0)
(1.0621 0.0487703 0)
(1.06899 0.0505141 0)
(1.07628 0.052138 0)
(1.08394 0.0535694 0)
(1.09197 0.0547282 0)
(1.10032 0.0555278 0)
(1.10895 0.0558775 0)
(1.11778 0.0556849 0)
(1.00213 0.0302232 0)
(1.00642 0.0304063 0)
(1.01076 0.0307708 0)
(1.01517 0.0313129 0)
(1.01971 0.0320266 0)
(1.02438 0.0329033 0)
(1.02924 0.0339313 0)
(1.03431 0.0350953 0)
(1.03961 0.0363758 0)
(1.04518 0.0377485 0)
(1.05103 0.0391841 0)
(1.0572 0.0406472 0)
(1.06368 0.0420963 0)
(1.07048 0.0434833 0)
(1.07762 0.0447538 0)
(1.08506 0.045847 0)
(1.09279 0.0466965 0)
(1.10076 0.0472317 0)
(1.10893 0.0473796 0)
(1.11722 0.0470673 0)
(1.00222 0.02587 0)
(1.00667 0.0260212 0)
(1.01117 0.026322 0)
(1.01574 0.0267687 0)
(1.02043 0.0273559 0)
(1.02525 0.0280754 0)
(1.03023 0.0289167 0)
(1.03541 0.0298661 0)
(1.04081 0.0309063 0)
(1.04644 0.0320161 0)
(1.05233 0.0331701 0)
(1.05849 0.0343378 0)
(1.06493 0.0354842 0)
(1.07165 0.036569 0)
(1.07864 0.037547 0)
(1.08589 0.0383682 0)
(1.09335 0.038979 0)
(1.10101 0.0393228 0)
(1.10879 0.0393419 0)
(1.11662 0.0389794 0)
(1.00229 0.0213655 0)
(1.00687 0.0214866 0)
(1.0115 0.0217272 0)
(1.01621 0.0220842 0)
(1.02101 0.0225527 0)
(1.02595 0.0231257 0)
(1.03103 0.0237941 0)
(1.0363 0.0245462 0)
(1.04176 0.0253673 0)
(1.04744 0.0262397 0)
(1.05336 0.0271422 0)
(1.05951 0.0280498 0)
(1.06591 0.0289338 0)
(1.07255 0.0297616 0)
(1.07942 0.0304969 0)
(1.08649 0.0310999 0)
(1.09374 0.0315285 0)
(1.10112 0.0317385 0)
(1.10859 0.0316855 0)
(1.11606 0.0313262 0)
(1.00234 0.01674 0)
(1.00703 0.0168324 0)
(1.01177 0.017016 0)
(1.01657 0.0172882 0)
(1.02147 0.017645 0)
(1.02649 0.0180807 0)
(1.03165 0.0185879 0)
(1.03698 0.0191572 0)
(1.0425 0.019777 0)
(1.04821 0.0204332 0)
(1.05414 0.0211091 0)
(1.06028 0.0217854 0)
(1.06664 0.0224396 0)
(1.07321 0.0230467 0)
(1.07998 0.0235789 0)
(1.08692 0.0240061 0)
(1.09399 0.0242964 0)
(1.10116 0.0244171 0)
(1.10837 0.0243353 0)
(1.11556 0.0240192 0)
(1.00238 0.012022 0)
(1.00715 0.0120871 0)
(1.01196 0.0122163 0)
(1.01684 0.0124077 0)
(1.02181 0.0126584 0)
(1.02689 0.0129641 0)
(1.03211 0.0133195 0)
(1.03749 0.0137177 0)
(1.04304 0.0141502 0)
(1.04878 0.0146069 0)
(1.05471 0.0150758 0)
(1.06084 0.015543 0)
(1.06717 0.0159925 0)
(1.07369 0.0164067 0)
(1.08037 0.0167659 0)
(1.08721 0.017049 0)
(1.09415 0.017234 0)
(1.10116 0.0172983 0)
(1.10819 0.0172193 0)
(1.11516 0.0169757 0)
(1.0024 0.00723896 0)
(1.00723 0.00727764 0)
(1.01209 0.00735438 0)
(1.01701 0.00746802 0)
(1.02203 0.00761672 0)
(1.02715 0.00779795 0)
(1.03241 0.0080084 0)
(1.03781 0.00824389 0)
(1.04339 0.00849931 0)
(1.04914 0.00876852 0)
(1.05508 0.00904428 0)
(1.0612 0.00931824 0)
(1.06751 0.0095809 0)
(1.07399 0.00982165 0)
(1.08062 0.0100289 0)
(1.08739 0.0101901 0)
(1.09424 0.0102924 0)
(1.10115 0.0103225 0)
(1.10805 0.0102679 0)
(1.11489 0.0101174 0)
(1.00242 0.00241727 0)
(1.00726 0.0024301 0)
(1.01215 0.00245555 0)
(1.0171 0.00249322 0)
(1.02214 0.0025425 0)
(1.02728 0.00260254 0)
(1.03255 0.00267222 0)
(1.03798 0.00275015 0)
(1.04356 0.0028346 0)
(1.04932 0.00292353 0)
(1.05526 0.00301452 0)
(1.06138 0.00310479 0)
(1.06767 0.00319116 0)
(1.07413 0.00327013 0)
(1.08074 0.00333783 0)
(1.08747 0.00339015 0)
(1.09428 0.00342282 0)
(1.10114 0.00343155 0)
(1.10798 0.0034124 0)
(1.11476 0.00336251 0)
(1.08601 0.24893 -1.83523e-21)
(1.12312 0.238589 -1.89828e-21)
(1.16019 0.225533 0)
(1.19485 0.207224 0)
(1.22625 0.184193 -3.91988e-20)
(1.25361 0.157014 -3.95362e-20)
(1.27632 0.126337 -4.31232e-21)
(1.29383 0.0928763 -2.8061e-21)
(1.30574 0.0574028 -1.10473e-21)
(1.31175 0.0207257 9.02292e-22)
(1.10086 0.224158 -5.64701e-20)
(1.13355 0.212105 0)
(1.16456 0.198707 3.92841e-21)
(1.19328 0.181143 2.01551e-24)
(1.21923 0.160033 -4.12714e-20)
(1.24186 0.135812 0)
(1.26065 0.108953 2.13134e-21)
(1.27517 0.0799816 1.87955e-20)
(1.28505 0.0494789 0)
(1.29005 0.0180614 1.89689e-22)
(1.11171 0.199917 -5.73713e-20)
(1.13945 0.187574 5.26575e-20)
(1.16564 0.174622 -4.53177e-20)
(1.18993 0.158376 0)
(1.21181 0.139336 -4.0915e-21)
(1.23085 0.117863 -4.15795e-21)
(1.24664 0.0943417 -8.82054e-21)
(1.25883 0.0691893 2.74324e-21)
(1.26713 0.0428577 2.33051e-21)
(1.27134 0.0158263 2.00298e-22)
(1.11937 0.177751 -1.89302e-21)
(1.14305 0.165838 5.09819e-20)
(1.16531 0.153518 -5.12307e-20)
(1.18597 0.138648 -4.0058e-21)
(1.20457 0.121574 0)
(1.22073 0.102573 0)
(1.23413 0.0819627 -8.4583e-22)
(1.24448 0.0600782 -8.17234e-21)
(1.25153 0.037276 1.85934e-22)
(1.25513 0.013932 0)
(1.12445 0.157595 -5.25965e-20)
(1.14477 0.146458 -4.76963e-20)
(1.16386 0.134943 3.93121e-21)
(1.18158 0.121453 3.99232e-21)
(1.19755 0.106225 1.17662e-20)
(1.21143 0.0894532 -2.11975e-20)
(1.22295 0.071393 8.93159e-21)
(1.23184 0.0523214 -7.42798e-25)
(1.23792 0.0325264 -4.44095e-21)
(1.24103 0.012308 0)
(1.12759 0.139408 -4.0046e-21)
(1.14517 0.129197 -4.93433e-20)
(1.16169 0.11859 0)
(1.17703 0.106428 0)
(1.19089 0.0928916 3.14576e-20)
(1.20295 0.0781151 -1.34753e-20)
(1.21297 0.0622953 2.05221e-21)
(1.22071 0.0456601 7.58289e-21)
(1.22602 0.0284471 2.07601e-21)
(1.22875 0.0108998 -1.62065e-22)
(1.1293 0.123053 9.99423e-20)
(1.14465 0.11381 0)
(1.1591 0.104157 -3.91758e-21)
(1.17253 0.0932528 -3.96395e-21)
(1.18467 0.0812502 -2.69352e-21)
(1.19527 0.0682503 -1.98023e-20)
(1.20408 0.0544022 -2.03627e-21)
(1.21091 0.0398901 3.56704e-21)
(1.2156 0.0249106 -3.08791e-21)
(1.21803 0.00966462 -1.35278e-21)
(1.12998 0.108352 4.26377e-21)
(1.14352 0.100065 0)
(1.15629 0.0913648 -3.90911e-21)
(1.16817 0.0816423 -3.95014e-21)
(1.17893 0.0710287 -1.47068e-20)
(1.18834 0.05961 -1.09802e-21)
(1.19619 0.0475012 0)
(1.20228 0.0348493 0)
(1.20647 0.0218164 1.02175e-21)
(1.20867 0.00856902 7.22256e-22)
(1.12993 0.0951193 -4.63433e-20)
(1.142 0.0877455 0)
(1.15341 0.0799695 3.9003e-21)
(1.16405 0.0713494 1.85691e-20)
(1.17369 0.0619969 0)
(1.18214 0.0519898 -2.89237e-21)
(1.1892 0.0414213 -5.98753e-21)
(1.1947 0.0304085 2.02239e-21)
(1.19849 0.0190841 0)
(1.2005 0.0075864 -2.80729e-22)
(1.12939 0.0831725 1.91167e-21)
(1.14027 0.0766582 1.93021e-21)
(1.15058 0.0697604 -3.89154e-21)
(1.16021 0.0621635 1.50473e-20)
(1.16895 0.0539597 3.95425e-21)
(1.17662 0.04522 2.86487e-21)
(1.18304 0.0360231 -8.99527e-23)
(1.18805 0.0264636 0)
(1.19153 0.0166497 -1.00912e-21)
(1.19338 0.00669559 -1.14822e-21)
(1.12853 0.0723394 0)
(1.13845 0.0666272 0)
(1.14788 0.0605567 3.88314e-21)
(1.15669 0.053907 3.91352e-21)
(1.16471 0.0467531 -1.04009e-20)
(1.17174 0.0391586 9.66428e-21)
(1.17764 0.0311916 1.99348e-21)
(1.18226 0.0229297 -4.39859e-25)
(1.18547 0.0144611 -2.00767e-21)
(1.18719 0.00587964 5.52708e-23)
(1.1275 0.0624614 0)
(1.13665 0.0574959 0)
(1.14537 0.0522018 1.64513e-20)
(1.15352 0.0464294 3.90338e-21)
(1.16094 0.040239 -1.46332e-20)
(1.16746 0.0336865 -7.90242e-21)
(1.17294 0.0268308 9.97925e-22)
(1.17723 0.0197366 1.99318e-21)
(1.18022 0.0124758 9.99578e-22)
(1.18185 0.00512483 1.05849e-21)
(1.1264 0.0533945 -1.18822e-20)
(1.13493 0.049125 1.43675e-20)
(1.14308 0.0445603 2.01431e-20)
(1.1507 0.0396029 -3.89438e-21)
(1.15764 0.0343013 0)
(1.16375 0.0287036 0)
(1.16888 0.0228605 5.05581e-21)
(1.17291 0.0168259 1.98596e-21)
(1.17573 0.0106584 -1.27459e-21)
(1.17727 0.00442 -9.97124e-22)
(1.12531 0.0450087 -4.76351e-22)
(1.13336 0.0413908 1.47506e-20)
(1.14104 0.0375138 7.5516e-21)
(1.14824 0.0333175 2.68487e-22)
(1.1548 0.0288412 0)
(1.16057 0.0241253 1.01945e-21)
(1.16542 0.0192127 5.08027e-21)
(1.16923 0.0141484 0)
(1.17191 0.00897954 -4.84212e-23)
(1.17338 0.00375591 -3.76113e-23)
(1.12429 0.0371872 9.21507e-21)
(1.13196 0.0341835 1.9169e-21)
(1.13929 0.0309585 -3.85643e-21)
(1.14615 0.0274781 4.30149e-21)
(1.1524 0.0237738 3.90091e-21)
(1.1579 0.0198791 -3.01561e-21)
(1.16253 0.0158298 2.19513e-21)
(1.16617 0.0116622 1.97473e-21)
(1.16873 0.00741421 -7.39473e-22)
(1.17015 0.00312491 -1.03071e-21)
(1.12339 0.0298246 -5.10839e-21)
(1.13077 0.0274046 0)
(1.13782 0.0248025 3.85197e-21)
(1.14442 0.022001 3.87455e-21)
(1.15043 0.0190254 -3.89463e-21)
(1.15572 0.0159027 -8.80164e-21)
(1.16017 0.0126617 -2.95445e-21)
(1.16367 0.00933139 1.97058e-21)
(1.16614 0.00594104 -9.87688e-22)
(1.16751 0.00252059 -9.88873e-22)
(1.12264 0.0228252 0)
(1.12982 0.0209655 0)
(1.13666 0.0189634 0)
(1.14306 0.016812 0)
(1.14889 0.0145309 0)
(1.15401 0.0121413 -2.94425e-22)
(1.15832 0.00966527 -2.85474e-22)
(1.16171 0.00712475 0)
(1.1641 0.00454154 0)
(1.16544 0.0019375 9.41946e-24)
(1.12206 0.0161013 1.90046e-21)
(1.1291 0.0147852 1.91241e-21)
(1.13581 0.0133665 -3.07175e-21)
(1.14207 0.0118439 -3.86741e-21)
(1.14776 0.010232 -3.8864e-21)
(1.15276 0.00854606 -3.36641e-21)
(1.15696 0.00680183 1.65486e-21)
(1.16027 0.00501464 1.96497e-21)
(1.1626 0.00319944 0)
(1.16391 0.00137097 1.03625e-23)
(1.12168 0.00957234 0)
(1.12865 0.0087886 -2.04903e-22)
(1.13527 0.00794246 4.69196e-21)
(1.14144 0.00703494 3.70325e-21)
(1.14704 0.00607518 -3.88436e-21)
(1.15196 0.0050726 -8.00899e-21)
(1.15608 0.00403658 -2.00263e-21)
(1.15933 0.0029762 1.96345e-21)
(1.16162 0.00190016 0)
(1.16291 0.000816883 0)
(1.12153 0.00315815 1.89978e-21)
(1.12849 0.00290351 1.66685e-21)
(1.13509 0.00262702 -3.84451e-21)
(1.14122 0.00232926 -1.94565e-22)
(1.14676 0.00201332 3.88381e-21)
(1.15162 0.00168244 6.91124e-23)
(1.15569 0.0013398 1.90308e-21)
(1.15889 0.000988546 -2.16141e-25)
(1.16114 0.00063166 -1.96682e-21)
(1.16241 0.000272129 0)
)
;

boundaryField
{
    down
    {
        type            symmetryPlane;
    }
    right
    {
        type            zeroGradient;
    }
    up
    {
        type            symmetryPlane;
    }
    left
    {
        type            uniformFixedValue;
        uniformValue    constant (1 0 0);
        value           uniform (1 0 0);
    }
    cylinder
    {
        type            symmetry;
    }
    defaultFaces
    {
        type            empty;
    }
}


// ************************************************************************* //
