/*--------------------------------*- C++ -*----------------------------------*\
| =========                 |                                                 |
| \\      /  F ield         | OpenFOAM: The Open Source CFD Toolbox           |
|  \\    /   O peration     | Version:  2512                                  |
|   \\  /    A nd           | Website:  www.openfoam.com                      |
|    \\/     M anipulation  |                                                 |
\*---------------------------------------------------------------------------*/
FoamFile
{
    version     2.0;
    format      ascii;
    arch        "LSB;label=32;scalar=64";
    class       surfaceScalarField;
    location    "0";
    object      phi;
}
// * * * * * * * * * * * * * * * * * * * * * * * * * * * * * * * * * * * * * //

dimensions      [0 3 -1 0 0 0 0];

oriented        oriented;

internalField   nonuniform List<scalar> 
3890
(
0.00514297
-0.0711986
0.0660557
0.0099169
-0.0657819
0.0610115
0.0144345
-0.0618192
0.0573031
0.0187763
-0.0589529
0.0546113
0.0229848
-0.0569831
0.052773
0.0270286
-0.0558143
0.051768
0.0306811
-0.055421
0.0517671
0.0331489
-0.0557841
0.053314
0.0320526
-0.0567018
0.0577984
-0.0572221
0.0686497
0.0206249
0.00454455
-0.0757433
0.00871886
-0.0699569
0.0125841
-0.0656848
0.0161552
-0.0625261
0.0193916
-0.0602218
0.0221634
-0.0585886
0.0242061
-0.0574648
0.0250732
-0.056652
0.0242214
-0.0558481
-0.0546092
0.0216103
0.00392666
-0.0796656
0.00749833
-0.073524
0.0107405
-0.0689249
0.0136447
-0.0654306
0.0161651
-0.0627437
0.0182142
-0.0606393
0.0196748
-0.0589252
0.0204375
-0.0574143
0.0205105
-0.0559185
-0.0542763
0.0201796
0.00332011
-0.0829846
0.00631674
-0.0765204
0.00900067
-0.0716087
0.0113627
-0.0677944
0.0133812
-0.0647631
0.0150241
-0.0622835
0.0162718
-0.0601723
0.0171383
-0.0582804
0.0177131
-0.0564909
-0.0547288
0.0181674
0.0027404
-0.0857216
0.00520287
-0.0789789
0.00739234
-0.0737959
0.00930793
-0.0697103
0.0109489
-0.0664059
0.0123185
-0.0636552
0.0134372
-0.0612912
0.0143464
-0.0591904
0.0151227
-0.0572659
-0.0554651
0.0158597
0.00219258
-0.0879135
0.00415826
-0.0809443
0.00590249
-0.0755398
0.00743005
-0.07124
0.00875341
-0.067731
0.00988934
-0.0647937
0.0108688
-0.0622716
0.0117307
-0.060054
0.0125298
-0.0580649
-0.0562556
0.0133196
0.001673
-0.0895825
0.00317327
-0.0824392
0.00450493
-0.0768682
0.00567639
-0.0724117
0.00670305
-0.0687603
0.00760541
-0.0656995
0.00841192
-0.0630802
0.00915183
-0.060797
0.00986289
-0.0587775
-0.0569719
0.0105766
0.00117621
-0.0907573
0.0022318
-0.0834928
0.00317066
-0.0778057
0.00399984
-0.0732427
0.00473469
-0.0694972
0.00539058
-0.0663592
0.00599057
-0.0636823
0.0065531
-0.0613639
0.00710389
-0.0593312
-0.0575337
0.00766084
0.000694328
-0.0914458
0.00131994
-0.0841098
0.00187656
-0.0783568
0.00236951
-0.073734
0.00280885
-0.0699374
0.00320442
-0.0667584
0.00357078
-0.0640521
0.00391854
-0.0617166
0.00426154
-0.0596798
-0.0578902
0.00461114
0.000221639
-0.0916643
0.00042344
-0.0843064
0.000603027
-0.078532
0.000760683
-0.0738903
0.000901266
-0.0700778
0.00102673
-0.0668871
0.00114352
-0.0641728
0.00125332
-0.0618337
0.00136021
-0.0597948
0.00146861
-0.0580101
0.00686467
-0.00686467
0.0131274
-0.00626018
0.0188737
-0.00574242
0.0241627
-0.00528836
0.0290439
-0.00488127
0.0335531
-0.00451133
0.037726
-0.00417363
0.0415896
-0.00386641
0.0451792
-0.00359015
-0.00334575
0.048522
0.00687119
-0.0137283
0.0131436
-0.0125274
0.0189052
-0.0115012
0.0242162
-0.0105999
0.0291232
-0.00978978
0.0336581
-0.00904968
0.0378523
-0.00836956
0.0417279
-0.00774594
0.0453171
-0.00718053
-0.00667647
0.0486439
0.00687802
-0.0206025
0.0131668
-0.0188138
0.0189595
-0.0172924
0.024316
-0.015958
0.0292794
-0.0147544
0.0338731
-0.013647
0.0381196
-0.0126173
0.0420297
-0.0116602
0.0456279
-0.0107794
-0.00998361
0.0489309
0.00687762
-0.0274763
0.0131835
-0.0251169
0.0190188
-0.0231266
0.0244462
-0.0213868
0.0295034
-0.0198135
0.0342039
-0.0183512
0.0385536
-0.0169686
0.042545
-0.0156556
0.0461838
-0.014419
-0.0132775
0.049474
0.00685681
-0.0343313
0.013168
-0.0314282
0.0190495
-0.0290094
0.0245708
-0.0269114
0.0297688
-0.0250139
0.0346454
-0.0232318
0.0391847
-0.0215097
0.0433475
-0.0198225
0.0471035
-0.0181759
-0.0166037
0.0504258
0.00679565
-0.0411252
0.0130821
-0.0377147
0.0189966
-0.0349256
0.0246247
-0.0325429
0.0300118
-0.0304047
0.0351585
-0.0283833
0.0400267
-0.0263804
0.0445299
-0.0243304
0.0485673
-0.0222146
-0.020077
0.0520364
0.00666998
-0.0477962
0.0128741
-0.0439224
0.0187779
-0.040831
0.0244941
-0.0382622
0.0300996
-0.0360131
0.0356206
-0.0339091
0.0410238
-0.0317862
0.0461758
-0.0294876
0.05085
-0.0268905
-0.023976
0.0547443
0.00645376
-0.0542506
0.0124867
-0.0499585
0.0182874
-0.0466352
0.0240089
-0.0439871
0.0297871
-0.0417939
0.0357332
-0.0398599
0.0419107
-0.0379663
0.048238
-0.0358201
0.0543606
-0.0330149
-0.0290895
0.0594695
0.00612645
-0.0603768
0.0118673
-0.0557007
0.0174176
-0.0521891
0.0229592
-0.0495325
0.0286963
-0.0475339
0.0348853
-0.0460537
0.0418701
-0.0449537
0.050025
-0.0439799
0.0594638
-0.0424548
-0.0384593
0.0688306
0.00568356
0.0109975
0.0161119
0.0211873
0.0264236
0.0321338
0.0389457
0.0482768
0.0636213
0.0938111
0.0517753
-0.00325359
0.054958
-0.00318544
0.0580249
-0.0030668
0.0609289
-0.00290688
0.0636455
-0.00271622
0.0661471
-0.0025045
0.0684288
-0.00228105
0.070479
-0.00205309
0.072307
-0.00182692
0.0739107
-0.00160659
0.0753075
-0.00139551
0.0765001
-0.00119528
0.0775091
-0.00100741
0.0783385
-0.00083206
0.0790102
-0.000669778
0.0795277
-0.000520107
0.0799131
-0.000383208
0.0801691
-0.000258367
0.0803175
-0.000145562
-4.41599e-05
0.051997
-0.00660731
0.0552536
-0.00644571
0.0583668
-0.00618023
0.0612884
-0.00583227
0.0639976
-0.00542512
0.0664694
-0.0049801
0.0687054
-0.00451648
0.0706977
-0.00404908
0.0724617
-0.00358984
0.073998
-0.00314646
0.0753288
-0.00272471
0.0764574
-0.00232728
0.0774081
-0.0019562
0.0781844
-0.00161155
0.0788105
-0.00129371
0.0792892
-0.0010018
0.0796442
-0.000735728
0.0798772
-0.000494339
0.0800112
-0.000277044
-8.32076e-05
0.0524897
-0.0101662
0.0558945
-0.00985455
0.0590946
-0.00937981
0.0620413
-0.00878304
0.0647225
-0.00810532
0.067122
-0.00738358
0.0692547
-0.00664767
0.0711219
-0.00592028
0.0727509
-0.00521695
0.0741484
-0.00454792
0.0753447
-0.00391872
0.0763458
-0.00333221
0.0771809
-0.00278875
0.0778537
-0.00228803
0.0783915
-0.00182862
0.0787957
-0.0014095
0.0790926
-0.00102919
0.0792829
-0.000687023
0.0793897
-0.000381824
-0.000112892
0.053359
-0.0140513
0.0569871
-0.0134862
0.0602995
-0.0126916
0.0632554
-0.0117423
0.0658591
-0.0107078
0.0681166
-0.0096444
0.0700636
-0.0085931
0.0717212
-0.00758122
0.0731311
-0.00662501
0.0743126
-0.00573273
0.075303
-0.00490712
0.0761152
-0.00414766
0.0767805
-0.00345185
0.0773058
-0.00281652
0.0777178
-0.00223828
0.0780195
-0.00171437
0.0782356
-0.0012425
0.0783681
-0.000821494
0.0784389
-0.000450669
-0.00013
0.0547885
-0.018414
0.0587105
-0.0174118
0.0621295
-0.0161095
0.0650301
-0.014646
0.0674568
-0.0131329
0.0694568
-0.0116473
0.0711016
-0.0102359
0.0724401
-0.00892263
0.0735335
-0.0077164
0.0744147
-0.00661702
0.0751291
-0.00561941
0.0756946
-0.0047162
0.0761443
-0.00389943
0.0764864
-0.00316155
0.0767462
-0.00249598
0.0769265
-0.00189759
0.0770494
-0.00136284
0.0771161
-0.00089014
0.077147
-0.000479638
-0.000133264
0.0570853
-0.0234631
0.0613516
-0.0216817
0.0647985
-0.0195552
0.0674897
-0.0173398
0.069557
-0.015198
0.0711206
-0.0132132
0.072304
-0.0114168
0.0731898
-0.00981095
0.0738593
-0.00838346
0.0743562
-0.00711653
0.0747304
-0.00599137
0.0750018
-0.00499034
0.0752024
-0.00409787
0.075339
-0.00330088
0.0754339
-0.00258871
0.0754869
-0.00195341
0.0755161
-0.00138965
0.0755196
-0.000895324
0.0755134
-0.000471688
-0.000124009
0.0607909
-0.02951
0.0653639
-0.0262586
0.0685907
-0.0227804
0.0707534
-0.0195046
0.0721568
-0.0165983
0.0730294
-0.0140872
0.073554
-0.0119381
0.073841
-0.0100996
0.0739815
-0.00852093
0.074021
-0.00715789
0.0740062
-0.00597383
0.073953
-0.00493925
0.0738881
-0.00403048
0.0738137
-0.0032288
0.0737468
-0.00251944
0.0736823
-0.00189128
0.0736317
-0.00133667
0.0735871
-0.000852086
0.0735563
-0.000439216
-0.000107379
0.0669488
-0.0369893
0.0714485
-0.0307618
0.0738162
-0.0251451
0.0748568
-0.0205462
0.0751431
-0.0168798
0.07501
-0.0139543
0.0746684
-0.0115916
0.0742246
-0.00965602
0.0737551
-0.00804707
0.07329
-0.00669359
0.072862
-0.0055421
0.0724761
-0.0045545
0.0721492
-0.00370026
0.0718763
-0.00295744
0.0716669
-0.00230713
0.0715099
-0.00173613
0.0714088
-0.00123276
0.0713466
-0.000790905
0.0713176
-0.000408334
-9.57707e-05
0.0777213
-0.0458786
0.0805349
-0.0335767
0.0806026
-0.0252091
0.0795801
-0.0195226
0.0782032
-0.0154978
0.0767674
-0.0125166
0.0754031
-0.0102222
0.0741519
-0.00840312
0.0730384
-0.00692912
0.0720611
-0.00571511
0.071226
-0.00470328
0.0705242
-0.00385199
0.0699575
-0.00313045
0.0695146
-0.00251451
0.0691949
-0.00198492
0.0689836
-0.00152525
0.0688743
-0.00112126
0.0688432
-0.000759646
0.0688646
-0.000428499
-0.000120962
0.0972258
-0.0492915
0.0930352
-0.0293861
0.0882964
-0.0204631
0.0841901
-0.0154144
0.0807717
-0.0120725
0.0779097
-0.00965217
0.0754997
-0.00780573
0.0734547
-0.00635589
0.0717265
-0.00519507
0.0702702
-0.00425715
0.0690648
-0.00349279
0.0680832
-0.00286939
0.0673151
-0.00235808
0.0667402
-0.00193931
0.0663512
-0.00159249
0.0661285
-0.00130298
0.0660622
-0.00105199
0.0661251
-0.000822528
0.0662835
-0.000585124
-0.000289901
0.0785824
-0.0186396
-0.109233
0.0682426
-0.0190429
0.0639637
-0.0161802
0.0618829
-0.0133299
0.0607767
-0.0109623
0.0601748
-0.00904642
0.0598639
-0.00749081
0.0597289
-0.00621706
0.059704
-0.00516647
0.0597454
-0.004295
0.0598251
-0.00356935
0.0599217
-0.00296298
0.0600207
-0.00245459
0.0601094
-0.0020257
0.060179
-0.00166026
0.0602202
-0.00134267
0.0602269
-0.00105742
0.0601928
-0.000786558
0.0601156
-0.000508002
-0.000191829
0.0781791
-0.00908237
-0.0877333
0.0711053
-0.011966
0.066814
-0.0118856
0.0642505
-0.0107647
0.0626926
-0.00940127
0.0617304
-0.00808228
0.0611377
-0.00689473
0.0607795
-0.00585659
0.0605755
-0.00495906
0.060471
-0.00418824
0.0604315
-0.00352662
0.0604301
-0.00295957
0.0604496
-0.00247135
0.0604748
-0.00204946
0.0604966
-0.0016798
0.0605054
-0.00135074
0.0604977
-0.00104804
0.0604714
-0.000758953
0.0604317
-0.000467988
-0.000161779
0.0752955
-0.0053773
-0.0789981
0.0711857
-0.00785306
0.0679349
-0.0086336
0.0656139
-0.0084423
0.0640116
-0.00779791
0.062918
-0.00698686
0.0621758
-0.00615111
0.061677
-0.00535546
0.0613463
-0.00462656
0.0611326
-0.00397202
0.0609986
-0.00339072
0.0609183
-0.00287687
0.0608715
-0.00242303
0.0608445
-0.00202034
0.0608256
-0.00165984
0.0608081
-0.00133171
0.0607868
-0.00102622
0.0607623
-0.00073308
0.0607379
-0.000443187
-0.000149187
0.0728197
-0.00359928
-0.0745959
0.0704051
-0.00543666
0.0681262
-0.00635437
0.0662583
-0.00657439
0.0648226
-0.00636212
0.0637537
-0.00591753
0.0629715
-0.00536821
0.0624059
-0.00478879
0.0620009
-0.00422031
0.0617139
-0.00368358
0.0615124
-0.00318775
0.0613721
-0.00273503
0.0612742
-0.00232374
0.061205
-0.00194973
0.0611538
-0.00160749
0.0611136
-0.00129051
0.06108
-0.000991891
0.0610522
-0.000704591
0.0610319
-0.000422501
-0.000141052
0.0709824
-0.00259355
-0.0719869
0.0694874
-0.00394076
0.0679062
-0.0047735
0.0664706
-0.00513941
0.0652672
-0.00515933
0.064303
-0.00495356
0.0635509
-0.00461604
0.0629744
-0.00421176
0.0625376
-0.00378281
0.0622098
-0.00335472
0.0619651
-0.00294208
0.0617834
-0.00255211
0.0616482
-0.00218747
0.0615472
-0.00184758
0.0614707
-0.00153006
0.0614122
-0.00123109
0.0613673
-0.00094631
0.0613343
-0.000671038
0.0613134
-0.00040121
-0.000133586
0.0696352
-0.00195697
-0.0702709
0.0686547
-0.00295962
0.0675403
-0.00365957
0.0664507
-0.00405061
0.065473
-0.00418235
0.0646406
-0.00412161
0.0639552
-0.00393079
0.0634033
-0.00365968
0.0629657
-0.00334467
0.0626224
-0.00301069
0.0623551
-0.00267393
0.0621481
-0.00234415
0.0619881
-0.0020266
0.0618648
-0.00172331
0.0617697
-0.00143418
0.061697
-0.00115762
0.0616425
-0.000891219
0.0616042
-0.00063215
0.061581
-0.000377735
-0.000125684
0.0686325
-0.00152093
-0.0690679
0.0679547
-0.00228124
0.0671492
-0.00285447
0.066319
-0.00322102
0.0655337
-0.00339778
0.0648314
-0.00341969
0.0642263
-0.00332582
0.0637183
-0.00315152
0.0632997
-0.00292553
0.0629592
-0.0026695
0.0626849
-0.00239888
0.0624656
-0.00212405
0.0622914
-0.00185155
0.0621539
-0.00158495
0.0620463
-0.00132578
0.0619634
-0.00107404
0.0619016
-0.000828814
0.0618586
-0.000588633
0.0618331
-0.000351904
-0.000117099
0.0678722
-0.00120322
-0.0681892
0.0673815
-0.00178967
0.0667827
-0.00225571
0.0661422
-0.00258087
0.0655118
-0.00276771
0.0649253
-0.00283329
0.0644006
-0.00280102
0.0639443
-0.00269488
0.0635557
-0.0025363
0.0632298
-0.00234283
0.0629597
-0.00212798
0.0627381
-0.00190164
0.062558
-0.00167059
0.0624131
-0.00143921
0.062298
-0.00120997
0.0622086
-0.000983979
0.0621418
-0.000761371
0.0620953
-0.000541685
0.0620679
-0.000324155
-0.000107911
0.0672857
-0.00095885
-0.0675293
0.0669155
-0.00141826
0.0664575
-0.0017975
0.0659554
-0.00207872
0.0654462
-0.00225857
0.0649575
-0.00234444
0.0645067
-0.00234982
0.0641029
-0.00229048
0.0637492
-0.0021818
0.0634446
-0.00203741
0.0631861
-0.00186852
0.0629692
-0.00168387
0.0627894
-0.00148996
0.0626423
-0.00129132
0.062524
-0.00109093
0.0624312
-0.000890541
0.0623615
-0.00069101
0.0623128
-0.000492581
0.0622841
-0.000295123
-9.83008e-05
0.0668263
-0.000761423
-0.0670228
0.0665362
-0.0011266
0.0661763
-0.0014369
0.0657755
-0.0016775
0.0653604
-0.001843
0.0649521
-0.00193569
0.0645661
-0.00196302
0.0642116
-0.00193512
0.0638936
-0.0018628
0.0636135
-0.00175632
0.0633707
-0.00162468
0.0631631
-0.0014753
0.062988
-0.001314
0.0628427
-0.00114516
0.0627244
-0.000971875
0.0626308
-0.000796241
0.0625599
-0.000619548
0.0625103
-0.000442511
0.0624809
-0.000265456
-8.84734e-05
0.0664611
-0.000594594
-0.0666268
0.0662259
-0.000889506
0.0659357
-0.00114567
0.06561
-0.00135106
0.0652677
-0.0014999
0.0649248
-0.00159199
0.064594
-0.0016312
0.0642839
-0.00162396
0.0640001
-0.00157778
0.0637452
-0.00150027
0.0635201
-0.0013985
0.0633244
-0.00127858
0.0631569
-0.00114556
0.063016
-0.00100341
0.0629
-0.000855168
0.0628075
-0.000703003
0.0627369
-0.000548433
0.0626873
-0.00039246
0.0626579
-0.000235721
-7.86098e-05
0.0661662
-0.000448208
-0.0663112
0.0659698
-0.000690761
0.0657303
-0.000904877
0.0654612
-0.0010808
0.0651756
-0.0012132
0.0648856
-0.00130082
0.0646012
-0.00134556
0.0643301
-0.0013515
0.0640776
-0.00132388
0.0638469
-0.00126835
0.06364
-0.00119037
0.0634574
-0.00109489
0.063299
-0.000986185
0.0631642
-0.00086775
0.0630522
-0.000742367
0.062962
-0.000612165
0.0628929
-0.000478722
0.0628441
-0.000343182
0.062815
-0.000206361
-6.88583e-05
0.0659237
-0.000315982
-0.0660543
0.0657557
-0.000520157
0.0655544
-0.000702019
0.0653288
-0.000853803
0.065088
-0.000971036
0.0648409
-0.00105228
0.0645953
-0.0010985
0.0643577
-0.00111242
0.0641331
-0.00109778
0.0639249
-0.00105878
0.0637355
-0.00099967
0.0635661
-0.000924408
0.0634174
-0.000836527
0.0632896
-0.000739032
0.0631824
-0.000634392
0.0630955
-0.000524578
0.0630284
-0.00041112
0.0629809
-0.000295192
0.0629525
-0.000177691
-5.9322e-05
0.0657195
-0.000194648
-0.065839
0.0655738
-0.000371496
0.0654026
-0.000528939
0.0652115
-0.000661052
0.0650067
-0.000764564
0.0647946
-0.000838468
0.0645814
-0.000883517
0.0643724
-0.00090172
0.0641721
-0.000895886
0.063984
-0.000869226
0.0638107
-0.00082504
0.063654
-0.000766489
0.0635149
-0.000696452
0.0633942
-0.000617444
0.0632922
-0.00053159
0.0632089
-0.000440638
0.0631444
-0.000345995
0.0630984
-0.000248782
0.0630709
-0.000149894
-5.00651e-05
0.0655427
-8.33606e-05
-0.0656519
0.0654164
-0.000241944
0.0652705
-0.000380964
0.065108
-0.000496667
0.0649328
-0.000587463
0.0647496
-0.000653293
0.0645632
-0.000695177
0.0643782
-0.000714888
0.0641987
-0.00071469
0.0640282
-0.000697105
0.0638693
-0.000664717
0.063724
-0.000620025
0.0635939
-0.000565335
0.0634801
-0.000502702
0.0633831
-0.000433893
0.0633036
-0.0003604
0.0632416
-0.000283452
0.0631973
-0.000204057
0.0631707
-0.000123044
-4.11132e-05
0.0653841
1.58242e-05
-0.0654811
0.0652773
-0.00013158
0.0651548
-0.000256025
0.0650172
-0.000356909
0.064867
-0.000435046
0.0647077
-0.00049179
0.0645434
-0.000528756
0.0643784
-0.000547744
0.0642163
-0.000550698
0.0640606
-0.00053964
0.063914
-0.000516587
0.0637787
-0.000483478
0.0636566
-0.000442112
0.0635489
-0.000394104
0.0634566
-0.000340868
0.0633805
-0.000283614
0.063321
-0.00022336
0.0632783
-0.000160956
0.0632527
-9.71181e-05
-3.2461e-05
0.0652367
9.69387e-05
-0.0653154
0.0651529
-4.38493e-05
0.0650539
-0.000154403
0.0649391
-0.000239642
0.0648103
-0.00030375
0.0646707
-0.000349788
0.0645245
-0.000380037
0.0643754
-0.000396376
0.0642274
-0.000400491
0.0640837
-0.000393979
0.0639471
-0.00037836
0.0638201
-0.000355074
0.0637046
-0.000325446
0.0636021
-0.000290679
0.0635139
-0.000251828
0.0634408
-0.000209811
0.0633834
-0.000165408
0.0633421
-0.000119286
0.0633173
-7.20088e-05
-2.40746e-05
0.0650959
0.000146814
-0.0651431
0.0650423
1.40015e-05
0.0649686
-7.78419e-05
0.064875
-0.000143223
0.0647642
-0.000190225
0.0646405
-0.000223261
0.0645081
-0.000244923
0.0643713
-0.000256938
0.0642339
-0.000260646
0.0640993
-0.000257188
0.0639704
-0.000247604
0.0638497
-0.000232848
0.0637394
-0.000213798
0.063641
-0.000191243
0.0635559
-0.000165888
0.0634852
-0.000138346
0.0634295
-0.000109149
0.0633894
-7.87513e-05
0.0633652
-4.75505e-05
-1.58955e-05
0.0649631
0.000137065
-0.0649504
0.0649505
3.11134e-05
0.0649033
-2.75205e-05
0.064828
-6.49184e-05
0.0647312
-9.03922e-05
0.0646188
-0.000107864
0.0644961
-0.000119249
0.0643676
-0.000125657
0.0642374
-0.000127854
0.0641089
-0.000126449
0.0639851
-0.000121966
0.0638688
-0.000114882
0.0637619
-0.000105627
0.0636663
-9.45919e-05
0.0635835
-8.21243e-05
0.0635144
-6.85335e-05
0.0634599
-5.40871e-05
0.0634206
-3.90248e-05
0.0633969
-2.35522e-05
-7.86035e-06
0.0648571
-0.064717
0.0648919
0.0648659
0.0648025
0.0647137
0.0646074
0.0644897
0.0643654
0.0642388
0.0641133
0.0639922
0.063878
0.0637729
0.0636788
0.063597
0.0635288
0.063475
0.0634361
0.0634126
0.0582313
0.00119829
-0.0579686
0.0590149
0.0038133
0.0603542
0.00631475
0.0622966
0.00863038
0.064937
0.0106781
0.0684543
0.0123434
0.0732064
0.0134182
0.0799718
0.0134187
0.0905874
0.0110004
0.00199014
0.0595922
0.000944357
-0.0593511
0.0603212
0.00307127
0.0615646
0.00506504
0.063356
0.00683616
0.0657601
0.00827392
0.0688849
0.00922049
0.072896
0.00941046
0.0779732
0.00834548
0.0838962
0.00508072
-0.00184214
0.0607691
0.000713361
-0.0605508
0.0614327
0.00239416
0.0625599
0.00393269
0.0641639
0.00523058
0.0662689
0.00617003
0.0688985
0.00659411
0.0720371
0.00627666
0.0754959
0.00489228
0.0785239
0.00205709
-0.00231247
0.0617744
0.000505892
-0.0615814
0.0623651
0.00178831
0.0633622
0.00292882
0.064758
0.00383199
0.0665387
0.00438931
0.0686615
0.00447333
0.0710062
0.00393541
0.0732722
0.00263025
0.0748154
0.000517262
-0.00209069
0.0626236
0.000324464
-0.0624571
0.0631374
0.00125914
0.0639986
0.00206184
0.0651816
0.00264687
0.066645
0.00292646
0.0683077
0.00281309
0.0700135
0.00223309
0.0714832
0.00116433
0.0722906
-0.000287094
-0.00178513
0.0633342
0.000168696
-0.0631948
0.0637707
0.000806163
0.0644973
0.00132803
0.0654762
0.00166466
0.0666501
0.001752
0.0679238
0.0015407
0.0691464
0.00101282
0.0701016
0.00021179
0.0705359
-0.000719225
-0.00151866
0.0639243
3.9082e-05
-0.0638111
0.0642861
0.000427974
0.0648852
0.000722511
0.0656773
0.000869879
0.0665992
0.000829834
0.0675578
0.00058352
0.0684251
0.000147664
0.0690478
-0.000408481
0.0692829
-0.000952276
-0.00130204
0.064412
-6.64477e-05
-0.0643238
0.0647041
0.000118912
0.0651864
0.000232596
0.0658129
0.000239589
0.0665222
0.000119371
0.0672315
-0.000125218
0.06784
-0.000459419
0.0682438
-0.000810544
0.0683651
-0.00107185
-0.00112454
0.0648147
-0.000148828
-0.0647493
0.065043
-0.000126127
0.065421
-0.000152175
0.0659044
-0.000246951
0.0664377
-0.000414682
0.0669518
-0.000638628
0.067371
-0.000877092
0.0676268
-0.00106454
0.0676781
-0.00112136
-0.000973751
0.0651483
-0.000210919
-0.0651038
0.0653196
-0.000314604
0.0656059
-0.000446279
0.0659671
-0.000612163
0.0663559
-0.000804995
0.0667174
-0.00100002
0.0669965
-0.00115506
0.0671489
-0.00121543
0.0671539
-0.00112481
-0.000840433
0.0654277
-0.000253994
-0.0654016
0.0655483
-0.000452044
0.0657549
-0.000659666
0.0660123
-0.000873015
0.0662826
-0.00107625
0.0665238
-0.00124068
0.066697
-0.0013269
0.0667745
-0.00129116
0.066747
-0.00109536
-0.000717666
0.0656659
-0.000280832
-0.0656565
0.065742
-0.000545148
0.0658789
-0.00080437
0.066048
-0.00104624
0.06622
-0.00124988
0.0663647
-0.0013853
0.0664559
-0.001417
0.0664771
-0.00131069
0.066425
-0.00104145
-0.000601173
0.0658751
-0.000292242
-0.0658804
0.0659114
-0.000597859
0.0659873
-0.000886965
0.06608
-0.00114231
0.066169
-0.00133983
0.0662341
-0.00144978
0.0662594
-0.00144067
0.066236
-0.00128534
0.0661645
-0.000967684
-0.000487844
0.0660663
-0.000290362
-0.0660852
0.0660668
-0.000614803
0.0660877
-0.000915309
0.0661127
-0.00117124
0.0661291
-0.00135768
0.0661259
-0.0014462
0.0660954
-0.00140876
0.0660351
-0.00122298
0.0659472
-0.000877554
-0.00037637
0.0662497
-0.000275144
-0.066281
0.0662169
-0.000597493
0.0661872
-0.00089184
0.0661499
-0.00113697
0.0661
-0.00130843
0.0660346
-0.00137981
0.0659538
-0.00132595
0.0658603
-0.001127
0.0657582
-0.000772709
-0.000266379
0.0664351
-0.000247744
-0.0664784
0.0663706
-0.000547951
0.0662922
-0.000819628
0.0661948
-0.00104286
0.0660807
-0.00119515
0.0659548
-0.00125297
0.0658247
-0.00119379
0.0656989
-0.00099856
0.0655837
-0.000654636
-0.000159698
0.0666324
-0.000207286
-0.0666875
0.0665365
-0.000465105
0.0664092
-0.000697252
0.0662509
-0.000886973
0.0660708
-0.00101508
0.0658814
-0.00106194
0.0656983
-0.00100804
0.0655374
-0.000834516
0.0654097
-0.000523597
-6.08937e-05
0.0668519
-0.000153827
-0.0669188
0.0667235
-0.00034838
0.0665451
-0.00052291
0.0663223
-0.000666181
0.0660704
-0.000763092
0.0658095
-0.000799286
0.065564
-0.000759752
0.06536
-0.000627208
0.0652185
-0.000378711
1.92942e-05
0.0671045
-8.57806e-05
-0.0671841
0.0669418
-0.000194578
0.0667078
-0.000293499
0.0664141
-0.000373979
0.0660808
-0.000429127
0.065735
-0.00045126
0.0654102
-0.000431883
0.065146
-0.000359479
0.064984
-0.000213073
5.77213e-05
0.0674025
-0.0674962
0.0672014
0.066907
0.0665335
0.0661056
0.065656
0.065226
0.0648684
0.0646572
0.0326471
0.0569928
-0.0681015
-0.0215383
0.0335737
0.0564349
-0.0573602
0.0309973
0.0555053
-0.0529288
0.0272718
0.0551389
-0.05141
0.0231716
0.0555295
-0.0514247
0.0189173
0.0566938
-0.0524342
0.0145359
0.0586558
-0.054269
0.00998014
0.0615076
-0.0569541
0.0051739
0.0654521
-0.06065
0.0708408
-0.065677
0.0247613
0.0544898
-0.0222583
0.0255046
0.0556895
0.0245457
0.0564645
0.0224304
0.057257
0.0195987
0.0583645
0.016312
0.0599826
0.0126948
0.0622691
0.00878972
0.0654084
0.00457782
0.0696554
0.0754181
0.0209792
0.0542156
-0.0207065
0.0208303
0.0558262
0.0199991
0.057292
0.0184767
0.0587773
0.0163726
0.0604687
0.0138013
0.0625514
0.0108523
0.0652173
0.00756836
0.0686883
0.00396342
0.073265
0.0793809
0.0181203
0.0547037
-0.0186146
0.0174832
0.05644
0.0165645
0.0582024
0.0152666
0.0600689
0.0135753
0.0621558
0.0115114
0.0646127
0.00910625
0.0676205
0.00638521
0.0714129
0.00335603
0.0763014
0.0827431
0.0154768
0.0554607
-0.0162446
0.0146442
0.0572402
0.0136941
0.0591417
0.0125342
0.0612201
0.0111242
0.0635618
0.00944238
0.0662898
0.00748989
0.0695725
0.00526599
0.0736354
0.0027751
0.0787986
0.0855211
0.0128383
0.0562611
-0.0136538
0.0119868
0.058053
0.0110918
0.0600234
0.010078
0.0622223
0.00890699
0.0647251
0.00754913
0.0676435
0.00598836
0.0711328
0.00421635
0.0754148
0.00222508
0.0808012
0.087755
0.0101328
0.0569803
-0.0108697
0.00937319
0.0587722
0.00860556
0.0607779
0.00776953
0.0630466
0.00683765
0.0656512
0.00577998
0.0686963
0.00458153
0.0723331
0.00322517
0.0767748
0.00170418
0.0823334
0.0894645
0.00734321
0.057541
-0.00792229
0.00674812
0.0593288
0.00616111
0.061352
0.00553541
0.0636605
0.00485274
0.066327
0.00409204
0.0694545
0.00323858
0.07319
0.00228014
0.0777445
0.00120582
0.0834227
0.0906789
0.00447893
0.0578948
-0.00484988
0.00409546
0.0596791
0.00372528
0.061711
0.00333544
0.0640413
0.00291599
0.0667423
0.00245367
0.0699159
0.00194015
0.073708
0.00136517
0.0783263
0.000722849
0.0840756
0.0914065
0.00156573
-0.00170101
0.00142073
0.00128967
0.00115073
0.00100259
0.000841544
0.000664093
0.000467814
0.000248816
0.0446764
0.00324791
-0.0479243
0.0411561
0.00349946
0.0373644
0.00378251
0.0332597
0.0040958
0.0288099
0.00443933
0.0239838
0.00481458
0.0187426
0.00522606
0.0130404
0.00568271
0.00681698
0.00619731
0.0067855
0.0448413
0.00647774
-0.048085
0.0413177
0.00699467
0.0375101
0.00757171
0.0333812
0.00820551
0.0289029
0.00889464
0.0240481
0.00964211
0.0187817
0.0104578
0.0130583
0.0113609
0.00681614
0.0123839
0.0135758
0.0452032
0.00969597
-0.0484338
0.0416627
0.0105095
0.0378132
0.0114063
0.0336262
0.0123772
0.0290834
0.0134185
0.0241672
0.0145356
0.0188491
0.0157458
0.0130893
0.0170833
0.00682622
0.0186012
0.0203793
0.0458313
0.0129157
-0.0490635
0.042239
0.0140775
0.0382977
0.0153328
0.0339986
0.0166625
0.0293415
0.0180593
0.024324
0.0195331
0.0189285
0.0211145
0.0131184
0.0228572
0.00683276
0.024844
0.0271897
0.0468371
0.016184
-0.0501166
0.043116
0.0177779
0.0389915
0.0194453
0.0344921
0.0211507
0.0296491
0.0228885
0.0244824
0.0246833
0.018984
0.0265892
0.0131197
0.028691
0.00682066
0.0311051
0.0339933
0.048397
0.0196164
-0.0518401
0.044383
0.0217755
0.0399045
0.0239131
0.0350646
0.025983
0.029941
0.0280031
0.0245747
0.0300379
0.0189606
0.0321853
0.0130535
0.0345704
0.00677078
0.0373546
0.0407475
0.0507802
0.0234898
-0.0546616
0.0461201
0.0264263
0.0409798
0.0290471
0.0355924
0.0313674
0.0300819
0.033509
0.0244864
0.0356275
0.018773
0.0378857
0.0128675
0.040457
0.00665705
0.0435393
0.0473934
0.0543952
0.0285897
-0.0595012
0.04828
0.0325401
0.0419504
0.0353727
0.0357749
0.0375444
0.029826
0.0394588
0.0240449
0.0414075
0.0183152
0.0436083
0.0125
0.0462554
0.00645277
0.0495674
0.0538385
0.0596112
0.0379493
-0.0689724
0.0501728
0.0419838
0.042001
0.0435464
0.0350005
0.0445497
0.0287919
0.0456705
0.0230375
0.047164
0.0174747
0.0491675
0.0118992
0.0518186
0.00613704
0.0553169
0.0599678
0.0639132
-0.0940671
0.0485499
0.0391729
0.0323207
0.0265726
0.0213032
0.0161927
0.0110455
0.00570217
0.0718513
-0.00114057
0.0727546
-0.000909707
0.0734246
-0.000675189
0.0738586
-0.000438633
0.0740549
-0.000200752
0.074012
3.85501e-05
0.073728
0.00027986
0.0732
0.000524025
0.0724243
0.00077182
0.0713968
0.00102374
0.0701135
0.00127965
0.0685712
0.00153856
0.0667689
0.00179829
0.0647095
0.00205521
0.0624005
0.00230405
0.0598569
0.00253786
0.0571019
0.0027481
0.0541685
0.00292527
0.0511004
0.00305947
0.0031414
0.071846
-0.00228192
0.0727466
-0.00182069
0.0734175
-0.00135489
0.0738578
-0.000887222
0.0740675
-0.00041845
0.074046
5.22463e-05
0.0737917
0.000526658
0.0733012
0.0010071
0.0725701
0.00149579
0.0715924
0.00199441
0.0703614
0.00250347
0.0688707
0.00302183
0.0671151
0.0035459
0.0650924
0.00406922
0.062805
0.00458161
0.0602625
0.00506916
0.0574842
0.005514
0.0545002
0.00589557
0.0513539
0.00619174
0.00638186
0.0718295
-0.00340594
0.0727167
-0.00271795
0.0733824
-0.00202917
0.0738296
-0.00134265
0.0740614
-0.000658237
0.0740792
2.67501e-05
0.0738819
0.000716475
0.0734658
0.00141594
0.0728245
0.00213004
0.0719489
0.00286309
0.0708278
0.00361776
0.0694479
0.00439456
0.067796
0.00519035
0.0658593
0.0059976
0.063629
0.00680258
0.0611025
0.00758477
0.0582891
0.00831575
0.0552111
0.00896027
0.0519114
0.0094785
0.00983023
0.0717864
-0.00448736
0.0726363
-0.00357848
0.0732787
-0.00268067
0.0737229
-0.00179582
0.0739771
-0.00092101
0.0740452
-4.98941e-05
0.0739279
0.000825771
0.0736206
0.00171529
0.0731154
0.00262787
0.0723987
0.00357231
0.0714538
0.00455571
0.0702581
0.00558292
0.0687867
0.00665462
0.0670105
0.00776585
0.064902
0.00890295
0.0624361
0.0100413
0.0596005
0.0111416
0.0564003
0.0121499
0.0528696
0.0129979
0.0136127
0.0716959
-0.00547883
0.0724656
-0.00435893
0.07305
-0.00327427
0.0734677
-0.00222264
0.0737331
-0.00119528
0.0738539
-0.000179572
0.0738326
0.000838839
0.0736644
0.0018752
0.0733401
0.00294465
0.0728425
0.00406225
0.0721492
0.00524199
0.0712282
0.00649655
0.0700408
0.00783517
0.068537
0.0092619
0.0666617
0.0107708
0.0643528
0.0123409
0.0615572
0.0139282
0.0582381
0.0154577
0.0544056
0.0168201
0.0178777
0.0715317
-0.00630619
0.0721552
-0.00499222
0.0726284
-0.00375562
0.0729812
-0.00258392
0.0732352
-0.00145746
0.0734012
-0.000353986
0.0734836
0.000748845
0.0734776
0.00187333
0.0733741
0.00304129
0.0731538
0.00427514
0.072792
0.00559751
0.0722494
0.0070321
0.0714764
0.00860229
0.0704013
0.0103301
0.0689358
0.0122308
0.0669645
0.0143056
0.0643615
0.0165256
0.0610025
0.0188103
0.0568162
0.0209992
0.022839
0.0712606
-0.00686188
0.0716462
-0.00538528
0.0719374
-0.00405297
0.0721758
-0.00282909
0.0723873
-0.00167541
0.0725832
-0.000556843
0.0727683
0.000557683
0.0729378
0.00169712
0.0730842
0.00288921
0.0731898
0.00416298
0.0732324
0.00554954
0.0731732
0.0070847
0.0729607
0.00880958
0.0725115
0.0107726
0.0717099
0.0130276
0.07038
0.0156289
0.0682886
0.0186124
0.0651369
0.0219551
0.0606372
0.0254937
0.0288015
0.0708358
-0.00699127
0.0708653
-0.00541906
0.0708945
-0.00408539
0.0709672
-0.0029058
0.0711042
-0.00181615
0.0713112
-0.000768687
0.0715908
0.000274294
0.0719374
0.00134524
0.0723473
0.00247531
0.0728076
0.00369686
0.0733059
0.00504687
0.0738144
0.00656977
0.0742969
0.00832267
0.0746825
0.0103809
0.07486
0.012847
0.0746249
0.0158597
0.073638
0.0195981
0.0713345
0.0242569
0.0669025
0.0299239
0.0361999
0.0701751
-0.00645759
0.0697141
-0.00495903
0.0694126
-0.00378468
0.0692834
-0.00277814
0.0693238
-0.00185798
0.0695263
-0.000973744
0.0698875
-8.91015e-05
0.070402
0.000827089
0.0710699
0.0018042
0.0718879
0.0028741
0.0728573
0.00407322
0.0739733
0.00544783
0.0752322
0.00705913
0.0766121
0.00899509
0.0780679
0.0113879
0.0794732
0.0144506
0.0805307
0.0185405
0.0805127
0.0242745
0.0777659
0.0326726
0.0449924
0.0690932
-0.00483951
0.0680514
-0.00391496
0.067409
-0.00314067
0.0670795
-0.0024488
0.0670213
-0.00179961
0.0672105
-0.00116479
0.067639
-0.000519049
0.0683022
0.000160091
0.0692062
0.000897229
0.0703571
0.00171757
0.0717735
0.00265245
0.0734757
0.00373869
0.0755032
0.00502705
0.0779052
0.00658674
0.0807655
0.00852592
0.0841904
0.0110238
0.0883076
0.0144266
0.0930725
0.019515
0.0973125
0.0284382
0.0482453
0.0633284
-0.00352144
0.0625152
-0.00309803
0.0619441
-0.00256724
0.0615065
-0.00201005
0.0611501
-0.00144295
0.0608464
-0.000862001
0.0605817
-0.000256231
0.0603498
0.000389101
0.0601523
0.00109093
0.0599961
0.00186914
0.0598967
0.00274677
0.059878
0.00375204
0.0599804
0.00491987
0.0602676
0.00629575
0.0608528
0.00793959
0.0619468
0.00993094
0.0640142
0.0123627
0.0682715
0.0152655
0.0785477
0.0181732
0.0178319
0.108966
0.0637518
-0.0026264
0.063046
-0.00238979
0.0625013
-0.00202091
0.0620737
-0.0015821
0.061731
-0.0011005
0.0614522
-0.00058489
0.0612271
-3.32231e-05
0.0610516
0.000560939
0.0609305
0.00120837
0.0608738
0.00192109
0.060902
0.00271426
0.0610458
0.00360342
0.0613563
0.00460644
0.0619114
0.00573849
0.0628442
0.00700915
0.0643785
0.00840177
0.0669171
0.00983087
0.0711792
0.011014
0.0782064
0.0111579
0.00835624
0.0876904
0.0639884
-0.00196827
0.0634149
-0.00181419
0.0629401
-0.00154502
0.0625553
-0.00119702
0.0622466
-0.000792901
0.0620039
-0.000343869
0.0618212
0.000146532
0.0616991
0.000679774
0.0616432
0.0012601
0.0616669
0.00189343
0.0617912
0.00258591
0.0620488
0.00334262
0.0624883
0.0041648
0.0631821
0.00504518
0.0642368
0.00595798
0.0658076
0.00683941
0.0681002
0.00754927
0.0713231
0.00780458
0.0754048
0.00709099
0.00469179
0.0790827
0.0641425
-0.00146518
0.0636841
-0.00135401
0.0632881
-0.00114825
0.0629594
-0.000868142
0.0626957
-0.000529941
0.0624943
-0.000144051
0.0623545
0.000283966
0.0622794
0.000751957
0.0622766
0.00125969
0.0623594
0.00180753
0.0625479
0.00239485
0.062871
0.00301804
0.0633687
0.00366743
0.0640949
0.00432208
0.0651182
0.0049414
0.0665174
0.0054515
0.0683555
0.00572605
0.0706095
0.00556747
0.0730056
0.00471337
0.00294339
0.0747704
0.0642537
-0.00107326
0.0638898
-0.000987999
0.0635682
-0.000825288
0.0632976
-0.000597083
0.0630816
-0.000314453
0.0629223
1.3891e-05
0.0628225
0.000381717
0.0627871
0.000784773
0.0628244
0.00121966
0.0629467
0.00168278
0.0631711
0.0021687
0.0635204
0.00266836
0.0640234
0.00316612
0.0647142
0.00363598
0.0656283
0.00403592
0.066792
0.00430129
0.0681969
0.00433892
0.0697554
0.00402974
0.0712356
0.00325428
0.00196587
0.072233
0.064339
-0.000766545
0.0640525
-0.000698682
0.0637964
-0.000567333
0.0635802
-0.000379771
0.0634099
-0.000143933
0.0632901
0.000133016
0.0632255
0.000444911
0.063222
0.00078636
0.0632875
0.00115206
0.0634326
0.00153587
0.0636707
0.0019296
0.0640181
0.00232142
0.0644932
0.00269378
0.0651141
0.00302097
0.0658937
0.00326629
0.0668296
0.00337999
0.0678877
0.00329991
0.0689799
0.00295982
0.0699472
0.00231091
0.00135907
0.070576
0.0644068
-0.000526763
0.0641839
-0.000471857
0.063984
-0.000364633
0.063816
-0.000210106
0.0636869
-1.40265e-05
0.063602
0.000217608
0.063567
0.000478905
0.0635877
0.000764003
0.0636714
0.0010666
0.0638264
0.00137932
0.0640625
0.00169273
0.0643905
0.0019943
0.0648204
0.00226707
0.0653595
0.00248841
0.0660074
0.00262902
0.0667496
0.00265327
0.0675477
0.00252206
0.068331
0.0022005
0.0689953
0.00167168
0.000955344
0.0694232
0.0644617
-0.000341764
0.0642911
-0.000296868
0.0641385
-0.000208986
0.0640121
-8.15954e-05
0.0639185
8.07038e-05
0.0638633
0.000272823
0.0638521
0.000489301
0.0638903
0.000724256
0.0639841
0.000971102
0.0641398
0.00122209
0.0643641
0.00146772
0.0646633
0.00169603
0.0650417
0.00189194
0.0655001
0.0020368
0.0660316
0.00210845
0.0666183
0.00208242
0.0672261
0.00193499
0.0678022
0.00164889
0.068279
0.00122154
0.000672743
0.0685869
0.0645066
-0.000200872
0.064379
-0.000164214
0.0642659
-9.22004e-05
0.0641744
1.23555e-05
0.0641106
0.000145826
0.0640798
0.000303798
0.064087
0.000481262
0.0641372
0.000672594
0.0642351
0.000871379
0.0643854
0.00107013
0.0645924
0.00125993
0.0648592
0.00143008
0.0651866
0.00156785
0.0655717
0.00165849
0.0660056
0.00168576
0.0664709
0.00163331
0.06694
0.00148718
0.0673748
0.00123959
0.0677302
0.000893359
0.000466207
0.0679633
0.0645433
-9.67633e-05
0.064451
-6.68052e-05
0.0643705
-8.0137e-06
0.0643079
7.74667e-05
0.0642686
0.000186495
0.0642573
0.000315251
0.0642783
0.000459242
0.0643359
0.000613291
0.0644338
0.000771451
0.0645752
0.000926849
0.0647626
0.00107152
0.064997
0.00119628
0.0652772
0.00129073
0.065599
0.00134348
0.0659531
0.00134285
0.0663248
0.00127804
0.0666924
0.00114104
0.0670286
0.000929023
0.0673031
0.000647029
0.000309112
0.0674872
0.0645732
-2.20902e-05
0.0645098
2.16109e-06
0.0644559
4.98851e-05
0.0644169
0.000119177
0.0643973
0.000207469
0.0644012
0.000311427
0.0644324
0.000427059
0.0644941
0.000549724
0.0645892
0.000674092
0.0647199
0.000794085
0.0648873
0.000902821
0.0650914
0.000992629
0.06533
0.00105518
0.0655984
0.00108181
0.0658883
0.00106416
0.0661878
0.000995136
0.0664804
0.00087024
0.0667466
0.000689086
0.0669651
0.000456718
0.000184873
0.0671171
0.0645975
2.81138e-05
0.0645575
4.7676e-05
0.0645252
8.60984e-05
0.0645052
0.00014188
0.0645013
0.000212746
0.0645169
0.000295838
0.0645551
0.000387692
0.0646185
0.000484253
0.0647092
0.000580878
0.0648286
0.000672333
0.0649771
0.00075282
0.065154
0.000816048
0.0653566
0.000855424
0.0655807
0.000864375
0.0658193
0.000836878
0.0660629
0.000768183
0.0662992
0.000655732
0.0665142
0.000500157
0.0666933
0.000306249
8.29092e-05
0.0668228
0.0646171
5.91587e-05
0.0645959
7.46776e-05
0.064581
0.000105285
0.0645761
0.000149617
0.0645844
0.000205821
0.0646087
0.000271453
0.0646516
0.000343538
0.0647151
0.000418604
0.0648007
0.000492698
0.0649091
0.000561413
0.0650404
0.000619951
0.0651933
0.000663225
0.0653656
0.000686043
0.0655532
0.000683391
0.0657506
0.000650835
0.0659504
0.000585052
0.0661437
0.000484452
0.0663203
0.000349819
0.06647
0.000184798
-3.2751e-06
0.0665836
0.0646326
7.4516e-05
0.0646265
8.67165e-05
0.0646253
0.000110749
0.0646323
0.00014555
0.06465
0.000189515
0.0646808
0.000240609
0.0647267
0.000296354
0.0647892
0.000353846
0.0648694
0.000409796
0.0649676
0.000460576
0.0650836
0.000502281
0.0652161
0.000530843
0.0653629
0.000542179
0.0655207
0.000532411
0.0656848
0.000498143
0.0658498
0.000436812
0.066009
0.000347083
0.0661553
0.000229305
0.0662819
8.61137e-05
-7.75439e-05
0.0663825
0.0646448
7.80466e-05
0.0646506
8.73675e-05
0.0646601
0.000105852
0.0646763
0.00013256
0.0647011
0.000166237
0.0647366
0.000205219
0.0647842
0.000247478
0.0648451
0.000290648
0.0649202
0.000332065
0.0650093
0.000368809
0.0651122
0.000397773
0.0652275
0.000415745
0.0653532
0.000419527
0.0654864
0.000406075
0.0656235
0.000372661
0.0657601
0.000317054
0.0658912
0.000237723
0.0660121
0.00013408
0.0661182
6.80587e-06
-0.000140897
0.066207
0.0646541
7.22337e-05
0.0646691
7.92192e-05
0.0646868
9.30317e-05
0.0647099
0.000112941
0.0647401
0.000137957
0.0647788
0.000166793
0.0648273
0.000197866
0.0648866
0.000229327
0.0649569
0.000259098
0.0650383
0.000284918
0.0651302
0.000304386
0.0652313
0.000315034
0.0653397
0.000314392
0.065453
0.000300053
0.0655679
0.000269727
0.0656808
0.000221242
0.0657876
0.000152516
0.0658848
6.15635e-05
0.0659705
-5.31261e-05
-0.000192093
0.0660447
0.0646611
5.98834e-05
0.0646829
6.4899e-05
0.0647068
7.47566e-05
0.0647349
8.88206e-05
0.0647689
0.000106406
0.0648099
0.000126592
0.0648588
0.000148228
0.0649163
0.000169963
0.0649827
0.000190285
0.0650578
0.000207544
0.0651408
0.00022
0.0652306
0.000225852
0.0653254
0.000223275
0.0654226
0.000210421
0.0655194
0.000185367
0.065612
0.000145959
0.0656967
8.95127e-05
0.0657701
1.23343e-05
0.0658315
-9.07722e-05
-0.000225313
0.0658855
0.0646661
4.28e-05
0.0646927
4.63809e-05
0.0647208
5.28312e-05
0.0647525
6.17786e-05
0.0647891
7.28508e-05
0.0648315
8.54733e-05
0.0648805
9.89246e-05
0.0649367
0.000112356
0.065
0.000124806
0.0650702
0.000135228
0.0651467
0.000142504
0.065228
0.000145475
0.0653125
0.000142933
0.0653976
0.000133593
0.06548
0.000115966
0.0655556
8.80973e-05
0.0656195
4.69888e-05
0.065667
-1.24532e-05
0.065697
-9.9103e-05
-0.000228637
0.0657167
0.0646697
2.27441e-05
0.0646992
2.57909e-05
0.0647298
2.88223e-05
0.0647636
3.29173e-05
0.0648017
3.79574e-05
0.064845
4.36824e-05
0.064894
4.97804e-05
0.0649491
5.58805e-05
0.0650104
6.15598e-05
0.0650775
6.63461e-05
0.0651496
6.97333e-05
0.0652255
7.11813e-05
0.0653032
7.01088e-05
0.06538
6.58432e-05
0.0654521
5.75102e-05
0.0655145
4.37781e-05
0.06556
2.23069e-05
0.0655804
-1.15798e-05
0.0655675
-6.84963e-05
-0.000174346
0.0655255
0.0646727
0.0647022
0.0647339
0.0647686
0.0648075
0.0648511
0.0649001
0.0649548
0.0650152
0.0650809
0.0651511
0.0652244
0.0652989
0.0653716
0.0654384
0.065493
0.0655261
0.0655235
0.0654616
0.0652901
0.0903866
-0.0029578
0.0798672
-0.0117412
0.0731673
-0.0140205
0.0684538
-0.0139255
0.0649552
-0.0127802
0.0623207
-0.0110593
0.0603763
-0.00896724
0.0590316
-0.00661713
0.0582383
-0.00409137
-0.00146416
0.0838364
0.000902579
0.0779478
-0.00585166
0.0729068
-0.00898605
0.0689192
-0.0099526
0.0658043
-0.0096865
0.0633999
-0.00867994
0.0616015
-0.00719512
0.0603481
-0.00538837
0.0596043
-0.00337013
-0.00123104
0.0785739
0.00141966
0.0755488
-0.00282386
0.0721027
-0.00554719
0.0689724
-0.00683873
0.0663425
-0.00708078
0.0642297
-0.00659604
0.0626129
-0.00560877
0.0614702
-0.00427487
0.0607863
-0.00271199
-0.00101908
0.0749527
0.00125083
0.0733963
-0.00126139
0.0711263
-0.00328134
0.0687766
-0.00450356
0.0666435
-0.0049707
0.0648471
-0.00482814
0.063432
-0.00422413
0.0624137
-0.00328582
0.061797
-0.00212159
-0.000827241
0.0724994
0.000999069
0.0716704
-0.000425039
0.0701852
-0.00180068
0.0684635
-0.00279771
0.0667813
-0.00331379
0.0652944
-0.00337273
0.0640854
-0.00304892
0.0631971
-0.00243024
0.0626517
-0.00160482
-0.000658731
0.070805
0.000788758
0.0703441
4.62656e-05
0.0693655
-0.000823384
0.0681184
-0.0015639
0.0668171
-0.00203577
0.0656125
-0.00219805
0.0646011
-0.00207018
0.0638415
-0.00170245
0.0633677
-0.0011594
-0.000511193
0.0696033
0.000627795
0.0693388
0.000321781
0.068687
-0.000173303
0.0677885
-0.000679352
0.0667954
-0.00106731
0.0658362
-0.00127055
0.0650055
-0.00127426
0.0643677
-0.00109857
0.0639631
-0.00078465
-0.000385944
0.0687295
0.000507177
0.0685769
0.000487615
0.0681401
0.00026481
0.067495
-4.56677e-05
0.0667455
-0.000339901
0.0659931
-0.000547726
0.0653224
-0.000636397
0.064796
-0.000604561
0.064456
-0.000473673
-0.000279495
0.06808
0.00041223
0.0679963
0.00058464
0.0677045
0.000557382
0.0672447
0.000402262
0.0666855
0.000196389
0.0661042
3.08906e-06
0.0655716
-0.000137828
0.0651446
-0.000211171
0.0648635
-0.000222294
-0.000191968
0.0675878
0.00033522
0.0675495
0.000637782
0.067359
0.00075098
0.0670362
0.00071561
0.0666258
0.000586302
0.0661847
0.000415906
0.0657699
0.000244969
0.0654302
9.67294e-05
0.0652016
-2.2464e-05
-0.000119686
0.0672077
0.000267472
0.0672016
0.000658398
0.0670842
0.000870677
0.0668647
0.000925143
0.0665715
0.000858567
0.0662455
0.000713242
0.0659306
0.000527326
0.0656669
0.000328071
0.0654849
0.00013049
-6.24288e-05
0.066908
0.000206067
0.0669258
0.000655751
0.0668637
0.0009369
0.0667244
0.00105645
0.0665252
0.0010388
0.0662947
0.000917191
0.0660649
0.000726353
0.0658675
0.000494883
0.0657267
0.000243298
-1.7094e-05
0.0666656
0.000146471
0.0667025
0.000633145
0.0666836
0.000958698
0.0666089
0.0011227
0.0664874
0.00114111
0.0663378
0.00104032
0.0661819
0.000851592
0.0660429
0.000603273
0.0659388
0.000319479
1.64416e-05
0.0664627
8.8619e-05
0.0665152
0.00059465
0.0665324
0.000945197
0.0665125
0.00113552
0.066458
0.00117799
0.0663795
0.0010942
0.0662892
0.000912827
0.066203
0.00066062
0.0661324
0.000363309
4.03317e-05
0.0662846
3.07451e-05
0.0663506
0.000540762
0.0663998
0.000897595
0.0664296
0.00109808
0.0664363
0.00115351
0.0664234
0.00108344
0.0663937
0.000913818
0.0663569
0.000669748
0.0663175
0.000376554
5.46552e-05
0.066118
-2.41831e-05
0.0661958
0.00047303
0.0662764
0.000818008
0.0663553
0.00101204
0.066422
0.00107002
0.066473
0.00101047
0.0665022
0.000857408
0.0665132
0.000633067
0.0665042
0.000360807
6.04652e-05
0.0659485
-7.3389e-05
0.0660382
0.000390576
0.0661526
0.000700231
0.0662848
0.000872434
0.0664146
0.000922424
0.0665319
0.000873478
0.0666212
0.00074164
0.0666807
0.000550693
0.0667024
0.000315761
5.82212e-05
0.065759
-0.000104635
0.0658612
0.000292672
0.0660195
0.000539712
0.066213
0.000668223
0.0664157
0.00070517
0.0666039
0.000664073
0.0667588
0.000564697
0.066868
0.000418251
0.0669229
0.000241588
4.61014e-05
0.0655225
-9.80782e-05
0.065646
0.000173932
0.0658639
0.000316531
0.0661384
0.000387277
0.0664253
0.000401347
0.0666964
0.000376781
0.0669216
0.000316725
0.0670865
0.000234634
0.0671758
0.000133615
2.46568e-05
0.0651936
0.0653641
0.0656781
0.0660566
0.0664497
0.0668144
0.0671213
0.0673461
0.0674743
)
;

boundaryField
{
    down
    {
        type            symmetryPlane;
        value           uniform 0;
    }
    right
    {
        type            calculated;
        value           nonuniform List<scalar> 
30
(
0.0803606
0.0800497
0.079419
0.0784556
0.0771499
0.0755039
0.0735396
0.0713061
0.0688908
0.0664532
0.0600184
0.0604021
0.0607256
0.061024
0.0613061
0.0615733
0.0618246
0.0620588
0.0622747
0.0624713
0.0626482
0.0628054
0.0629431
0.0630618
0.0631619
0.0632441
0.0633091
0.0633572
0.063389
0.0634047
)
;
    }
    up
    {
        type            symmetryPlane;
        value           uniform 0;
    }
    left
    {
        type            calculated;
        value           nonuniform List<scalar> 
30
(
-0.0707107
-0.0707107
-0.0707107
-0.0707107
-0.0707107
-0.0707107
-0.0707107
-0.0707107
-0.0707107
-0.0707107
-0.0646446
-0.0646446
-0.0646446
-0.0646447
-0.0646446
-0.0646446
-0.0646446
-0.0646446
-0.0646447
-0.0646446
-0.0646446
-0.0646446
-0.0646446
-0.0646446
-0.0646446
-0.0646446
-0.0646447
-0.0646446
-0.0646446
-0.0646446
)
;
    }
    cylinder
    {
        type            symmetry;
        value           uniform 0;
    }
    defaultFaces
    {
        type            empty;
    }
}


// ************************************************************************* //
