/*--------------------------------*- C++ -*----------------------------------*\
| =========                 |                                                 |
| \\      /  F ield         | OpenFOAM: The Open Source CFD Toolbox           |
|  \\    /   O peration     | Version:  2512                                  |
|   \\  /    A nd           | Website:  www.openfoam.com                      |
|    \\/     M anipulation  |                                                 |
\*---------------------------------------------------------------------------*/
FoamFile
{
    version     2.0;
    format      ascii;
    arch        "LSB;label=32;scalar=64";
    class       volVectorField;
    location    "0";
    object      U;
}
// * * * * * * * * * * * * * * * * * * * * * * * * * * * * * * * * * * * * * //

dimensions      [0 1 -1 0 0 0 0];

internalField   nonuniform List<vector> 
2000
(
(1.11161 -0.935153 7.8746e-20)
(1.10126 -0.777765 0)
(1.09346 -0.656693 1.40957e-20)
(1.08757 -0.561843 1.20378e-26)
(1.08319 -0.486595 -4.09781e-20)
(1.08007 -0.426692 3.6786e-20)
(1.0779 -0.379567 -4.91095e-20)
(1.07621 -0.344201 -5.18007e-20)
(1.07395 -0.32128 0)
(1.06875 -0.313928 5.51078e-20)
(1.25901 -0.913603 8.40635e-20)
(1.22403 -0.759903 4.36461e-21)
(1.19711 -0.641759 0)
(1.1759 -0.549266 0)
(1.15876 -0.475924 0)
(1.14442 -0.417399 6.18701e-20)
(1.13173 -0.370821 -1.05841e-19)
(1.11939 -0.334311 -4.66717e-20)
(1.10572 -0.306533 1.0638e-19)
(1.0883 -0.286058 1.03626e-19)
(1.40109 -0.869162 8.93796e-20)
(1.34242 -0.722864 8.25239e-20)
(1.29714 -0.61036 0)
(1.26131 -0.522167 5.86387e-20)
(1.23219 -0.451943 3.62759e-20)
(1.20778 -0.395323 -3.7113e-20)
(1.18646 -0.34916 -4.31649e-20)
(1.16682 -0.311004 4.22471e-20)
(1.14755 -0.278619 1.64146e-19)
(1.12752 -0.249494 4.54246e-20)
(1.53447 -0.802984 9.36703e-20)
(1.45361 -0.667644 1.72743e-19)
(1.39122 -0.563469 0)
(1.34189 -0.481592 7.56653e-20)
(1.30196 -0.41604 5.71542e-20)
(1.26881 -0.362629 -1.64569e-20)
(1.24053 -0.318286 0)
(1.21566 -0.280593 3.7858e-20)
(1.19312 -0.247505 3.82318e-20)
(1.17225 -0.217179 0)
(1.6559 -0.716788 -4.89018e-20)
(1.55492 -0.595714 8.67847e-20)
(1.47707 -0.502409 -4.39462e-21)
(1.41568 -0.428892 1.10152e-20)
(1.36624 -0.369762 -2.52444e-20)
(1.32562 -0.321222 5.07998e-20)
(1.29161 -0.280482 1.55057e-20)
(1.26262 -0.245428 -1.75907e-20)
(1.23755 -0.214389 -4.75194e-20)
(1.2157 -0.186047 -4.49047e-21)
(1.76238 -0.612673 -5.14418e-20)
(1.64378 -0.508923 -2.47946e-21)
(1.5525 -0.428891 -3.65822e-21)
(1.4807 -0.365697 -4.59163e-21)
(1.42315 -0.314688 -4.96001e-20)
(1.37626 -0.272605 6.30945e-20)
(1.33751 -0.237088 0)
(1.30512 -0.206376 5.49317e-22)
(1.27784 -0.179136 -3.44413e-20)
(1.25483 -0.154371 3.30243e-20)
(1.85116 -0.493246 0)
(1.71792 -0.409471 -4.78687e-20)
(1.61551 -0.344794 2.89119e-21)
(1.53514 -0.293656 -3.86844e-20)
(1.47096 -0.25229 4.03652e-20)
(1.41897 -0.218074 3.84055e-20)
(1.37639 -0.189108 -3.7473e-20)
(1.34123 -0.164015 3.59487e-20)
(1.31208 -0.141761 -1.14431e-20)
(1.28793 -0.121583 -4.73221e-20)
(1.91997 -0.361424 -2.7229e-22)
(1.77539 -0.299841 -4.86897e-20)
(1.66439 -0.252276 -2.09465e-21)
(1.57744 -0.214632 -2.66342e-20)
(1.50819 -0.18414 4.09153e-20)
(1.45233 -0.158882 3.4561e-21)
(1.40683 -0.137488 -3.79487e-20)
(1.36955 -0.118956 4.07972e-21)
(1.33892 -0.102537 3.15833e-20)
(1.31382 -0.0876797 -3.58757e-20)
(1.96698 -0.22052 8.27001e-23)
(1.81465 -0.182757 -1.23558e-20)
(1.69781 -0.153572 0)
(1.60638 -0.13048 2.17792e-20)
(1.53371 -0.111778 0)
(1.47523 -0.0963024 8.96309e-21)
(1.42776 -0.0832117 -1.08437e-20)
(1.38903 -0.0718997 0)
(1.35739 -0.0619092 9.20257e-21)
(1.33164 -0.0528893 8.91318e-21)
(1.99092 -0.074014 0)
(1.83464 -0.0611128 -1.24262e-20)
(1.71482 -0.0511304 0)
(1.62113 -0.0432418 0)
(1.54672 -0.0368879 0)
(1.48692 -0.0316723 1.00616e-20)
(1.43847 -0.027313 -9.73189e-21)
(1.39901 -0.02361 2.12319e-22)
(1.36682 -0.0204229 9.46956e-21)
(1.34077 -0.0176242 -9.30413e-21)
(0.0985175 -0.0722333 0)
(0.250812 -0.0600329 5.38892e-22)
(0.367602 -0.0505078 0)
(0.458726 -0.0429225 0)
(0.530854 -0.0367622 0)
(0.588653 -0.0316829 -5.26993e-22)
(0.635459 -0.0274488 5.23275e-22)
(0.67371 -0.0239002 -4.55536e-21)
(0.70525 -0.02093 -5.28605e-21)
(0.731509 -0.0184649 5.46182e-21)
(0.121315 -0.214913 -6.45192e-22)
(0.270115 -0.17864 1.35039e-21)
(0.384165 -0.150324 0)
(0.473128 -0.127749 -2.71308e-21)
(0.543525 -0.109402 0)
(0.599886 -0.0942514 -9.55639e-22)
(0.645451 -0.0815996 8.94396e-22)
(0.682577 -0.0709696 0)
(0.713049 -0.0620431 -7.98224e-22)
(0.738247 -0.0546026 -1.53468e-21)
(0.166368 -0.35259 1.27915e-21)
(0.308208 -0.293082 9.67471e-21)
(0.416879 -0.246637 9.77821e-21)
(0.501616 -0.209581 2.92825e-20)
(0.56863 -0.179423 -8.32693e-21)
(0.622203 -0.154467 -1.5724e-20)
(0.665372 -0.133553 2.47123e-20)
(0.70034 -0.115894 -7.51901e-28)
(0.728768 -0.100967 1.15674e-20)
(0.751949 -0.0884267 8.24003e-20)
(0.23272 -0.482179 0)
(0.364273 -0.400736 1.28668e-20)
(0.465034 -0.337213 -9.6505e-21)
(0.543598 -0.286517 -1.0819e-21)
(0.60571 -0.245202 -1.02952e-20)
(0.655289 -0.210911 -1.09256e-20)
(0.695081 -0.18202 9.1955e-21)
(0.727038 -0.157432 -1.0148e-20)
(0.752612 -0.136426 3.87227e-20)
(0.772935 -0.118565 4.65988e-20)
(0.31891 -0.600568 2.08228e-20)
(0.437031 -0.499057 6.43166e-21)
(0.527511 -0.419959 9.4746e-21)
(0.598117 -0.35683 1.18623e-20)
(0.653998 -0.305311 4.19626e-20)
(0.698615 -0.262398 4.17461e-21)
(0.734327 -0.225994 0)
(0.762736 -0.194661 1.37959e-21)
(0.784968 -0.167466 1.08918e-20)
(0.801865 -0.143886 6.42447e-20)
(0.422964 -0.704866 2.20384e-20)
(0.524745 -0.585676 -3.49329e-20)
(0.602795 -0.492936 9.24421e-21)
(0.66386 -0.418955 -2.31737e-20)
(0.712388 -0.358539 1.63678e-20)
(0.751334 -0.308054 1.44895e-20)
(0.782639 -0.264896 0)
(0.807474 -0.227206 -2.05305e-20)
(0.826479 -0.193732 -6.59322e-21)
(0.839943 -0.16379 -1.2814e-20)
(0.542462 -0.792437 -5.19929e-20)
(0.625271 -0.658446 -9.53376e-20)
(0.688918 -0.554371 0)
(0.739021 -0.471496 -4.27259e-20)
(0.779244 -0.403891 -1.4582e-20)
(0.812053 -0.347337 2.92082e-20)
(0.839041 -0.2987 0)
(0.861024 -0.255557 -6.79111e-20)
(0.87807 -0.21604 -7.44288e-20)
(0.889455 -0.178885 0)
(0.674512 -0.860948 -5.88999e-20)
(0.736132 -0.715468 -6.55532e-20)
(0.783641 -0.602723 -1.71693e-20)
(0.821404 -0.513237 -2.54221e-20)
(0.852337 -0.440523 -1.93531e-20)
(0.878486 -0.37995 0)
(0.901362 -0.327935 4.31031e-20)
(0.921931 -0.281423 0)
(0.940336 -0.237484 -1.48455e-19)
(0.954913 -0.193052 -7.44551e-20)
(0.815792 -0.908422 -6.40469e-20)
(0.854438 -0.755113 0)
(0.884402 -0.636637 0)
(0.908537 -0.543007 0)
(0.928938 -0.46751 0)
(0.947255 -0.405405 -5.00611e-20)
(0.965145 -0.35308 1.04715e-19)
(0.984665 -0.307385 6.32062e-20)
(1.00895 -0.264798 -1.11895e-19)
(1.0435 -0.220056 -1.19887e-19)
(0.962688 -0.933386 -7.23688e-20)
(0.977138 -0.776115 0)
(0.988506 -0.654892 -1.52515e-20)
(0.997941 -0.559582 1.11025e-26)
(1.00638 -0.483472 4.4542e-20)
(1.01469 -0.42209 -2.82626e-20)
(1.02381 -0.372508 5.40963e-20)
(1.03503 -0.333074 5.78915e-20)
(1.05033 -0.303419 0)
(1.07303 -0.28503 -4.95273e-20)
(0.756613 -0.0215693 5.104e-21)
(0.782441 -0.0189441 -5.29407e-21)
(0.805025 -0.016321 -5.44764e-21)
(0.824477 -0.0139086 0)
(0.8411 -0.0117955 0)
(0.855271 -0.0100078 5.7913e-21)
(0.867385 -0.00853183 1.17492e-20)
(0.877801 -0.00732543 1.18896e-20)
(0.886824 -0.00633866 1.20133e-20)
(0.894695 -0.00551833 6.05912e-21)
(0.901594 -0.00481825 -3.05388e-21)
(0.907644 -0.00419776 -3.07441e-21)
(0.912923 -0.00362722 -2.90078e-24)
(0.917473 -0.00308151 3.10814e-21)
(0.921308 -0.00254367 3.12115e-21)
(0.924422 -0.00199864 -4.35544e-24)
(0.92679 -0.00143661 -1.57e-21)
(0.928373 -0.000847716 -1.57268e-21)
(0.929122 -0.00022542 0)
(0.928973 0.000442241 0)
(0.76434 -0.0646364 4.05386e-23)
(0.789548 -0.0568067 0)
(0.811379 -0.0487307 -2.17448e-20)
(0.829958 -0.0414036 1.83355e-23)
(0.845741 -0.0350651 2.27648e-20)
(0.859201 -0.0297602 -2.88262e-23)
(0.870775 -0.0254144 3.7003e-23)
(0.880821 -0.0218774 -1.27673e-23)
(0.889621 -0.018985 0)
(0.897379 -0.0165725 8.16564e-24)
(0.904238 -0.0145013 1.84805e-24)
(0.910291 -0.0126542 0)
(0.915594 -0.0109464 6.19829e-21)
(0.920175 -0.00930858 -1.94432e-24)
(0.924043 -0.00769345 -6.25507e-21)
(0.927192 -0.00606032 -9.33289e-25)
(0.929603 -0.00438134 0)
(0.931247 -0.00262897 0)
(0.932081 -0.000782474 0)
(0.932056 0.00119252 -2.54343e-23)
(0.780541 -0.107442 4.05509e-23)
(0.804421 -0.0944809 -8.40248e-20)
(0.824485 -0.0803373 1.66547e-24)
(0.841153 -0.0678619 4.43246e-20)
(0.855192 -0.057341 8.56787e-24)
(0.867243 -0.0487214 -2.3197e-20)
(0.877785 -0.0417609 -2.33849e-20)
(0.887145 -0.0361345 0)
(0.89553 -0.0315244 -2.19349e-23)
(0.903064 -0.0276478 0)
(0.909817 -0.0242775 9.1086e-24)
(0.915825 -0.0212358 -3.79617e-24)
(0.921109 -0.0183958 1.19946e-24)
(0.925678 -0.0156627 0)
(0.929536 -0.0129672 1.069e-23)
(0.932684 -0.0102556 1.53932e-23)
(0.935117 -0.00748568 0)
(0.936825 -0.00461824 2.50867e-23)
(0.937786 -0.0016169 3.02038e-23)
(0.937972 0.00157376 9.38574e-24)
(0.806366 -0.149604 0)
(0.82796 -0.131538 -1.93703e-22)
(0.844789 -0.110384 4.29455e-20)
(0.858327 -0.0925198 -1.98725e-22)
(0.869764 -0.0780244 -4.4933e-20)
(0.879873 -0.0664949 -8.17145e-23)
(0.889083 -0.0573446 5.31943e-23)
(0.897584 -0.0499778 0)
(0.90543 -0.0438897 2.40043e-20)
(0.912613 -0.0386864 2.42074e-20)
(0.919105 -0.0340759 -2.54283e-23)
(0.924884 -0.0298484 -2.4822e-20)
(0.92994 -0.0258626 -2.49638e-20)
(0.934278 -0.022019 -1.25817e-20)
(0.93791 -0.0182432 2.04621e-23)
(0.940857 -0.0144795 1.27102e-20)
(0.943143 -0.0106792 6.38136e-21)
(0.944792 -0.00679483 6.41538e-21)
(0.945814 -0.00277594 3.16203e-21)
(0.94622 0.00145264 3.24133e-21)
(0.843576 -0.190382 7.92308e-20)
(0.861484 -0.167157 0)
(0.872996 -0.137943 3.8716e-22)
(0.88209 -0.114723 0)
(0.890289 -0.0967955 4.55677e-20)
(0.898238 -0.0829882 4.56854e-20)
(0.906058 -0.0721573 4.71309e-20)
(0.913625 -0.0633713 -1.2231e-22)
(0.920755 -0.0559592 2.36265e-22)
(0.927291 -0.049464 -3.08176e-22)
(0.933127 -0.0435816 -4.92128e-20)
(0.938217 -0.0381123 4.30651e-23)
(0.942557 -0.0329334 0)
(0.946178 -0.0279579 2.5389e-20)
(0.949129 -0.0231222 2.54901e-20)
(0.95147 -0.0183742 1.28136e-20)
(0.953268 -0.0136648 -1.9708e-23)
(0.954589 -0.00893825 -6.50473e-21)
(0.955489 -0.00413193 3.09201e-21)
(0.956025 0.000844941 -3.2386e-21)
(0.894352 -0.228485 7.95656e-20)
(0.9065 -0.199993 8.19148e-20)
(0.910163 -0.162078 4.65496e-22)
(0.913888 -0.13422 0)
(0.918837 -0.113827 -4.47438e-20)
(0.924848 -0.0984472 -9.16852e-20)
(0.931332 -0.0862782 6.15238e-22)
(0.937709 -0.0761317 4.76664e-20)
(0.943571 -0.0672931 0)
(0.948695 -0.0593435 0)
(0.952995 -0.0520329 5.00886e-20)
(0.956482 -0.0452126 5.03257e-20)
(0.959223 -0.0387948 0)
(0.961316 -0.0327097 2.26493e-23)
(0.962867 -0.0269046 0)
(0.963991 -0.0213281 -1.61442e-23)
(0.964798 -0.0159271 0)
(0.965396 -0.0106389 -5.24759e-23)
(0.965883 -0.00538827 -7.0304e-23)
(0.966365 -7.57136e-05 0)
(0.961026 -0.261734 -8.08446e-22)
(0.964801 -0.228415 6.86031e-22)
(0.958765 -0.182578 -5.40518e-22)
(0.957631 -0.15174 4.36156e-22)
(0.960228 -0.129899 -3.61967e-22)
(0.96459 -0.11317 0)
(0.969214 -0.0993899 2.57897e-22)
(0.97324 -0.0874221 2.17033e-22)
(0.976307 -0.0767102 -4.96152e-20)
(0.978361 -0.0669698 -4.95473e-20)
(0.979495 -0.0580378 -1.16995e-22)
(0.979879 -0.0498114 -8.91002e-23)
(0.979699 -0.0422198 6.34007e-23)
(0.979134 -0.0351891 -2.59941e-20)
(0.978353 -0.0286571 -2.60239e-20)
(0.977505 -0.0225573 3.02098e-24)
(0.976725 -0.0168221 0)
(0.976142 -0.0113777 -4.07773e-23)
(0.975872 -0.00613919 6.6677e-21)
(0.976048 -0.00100897 6.53544e-21)
(1.0458 -0.286927 -8.86892e-22)
(1.04079 -0.25216 0)
(1.02692 -0.201472 8.58187e-20)
(1.02356 -0.169195 8.83018e-20)
(1.02435 -0.145576 -4.09857e-22)
(1.0255 -0.126329 0)
(1.02545 -0.109704 2.88263e-22)
(1.02386 -0.0949781 2.38513e-22)
(1.02092 -0.081824 -1.94197e-22)
(1.01701 -0.0700587 1.54664e-22)
(1.0125 -0.0595309 -1.19371e-22)
(1.00773 -0.0501144 -5.2358e-20)
(1.00296 -0.0416925 -1.04663e-19)
(0.998425 -0.0341488 -5.24042e-20)
(0.994294 -0.027373 1.19265e-23)
(0.990707 -0.0212655 8.46927e-24)
(0.987775 -0.015725 0)
(0.985595 -0.0106615 -1.33407e-20)
(0.984254 -0.00597998 -1.32487e-20)
(0.983862 -0.00160024 -7.45223e-23)
(1.1558 -0.306076 4.97869e-22)
(1.15522 -0.277456 0)
(1.14049 -0.223105 -9.05019e-20)
(1.13431 -0.186764 -9.14485e-20)
(1.12729 -0.157901 9.76868e-20)
(1.1174 -0.133513 9.80651e-20)
(1.10515 -0.112558 0)
(1.09155 -0.0944945 0)
(1.07749 -0.0789316 0)
(1.06363 -0.0655452 -9.20607e-23)
(1.05042 -0.0540424 0)
(1.03817 -0.0441674 0)
(1.0271 -0.0356993 -5.35198e-20)
(1.01733 -0.0284376 -5.31324e-20)
(1.00895 -0.0222028 0)
(1.00201 -0.0168411 0)
(0.996521 -0.0122088 0)
(0.992493 -0.00818285 3.85083e-23)
(0.989908 -0.00465317 6.70277e-21)
(0.988761 -0.00154909 6.69574e-21)
(1.16762 -0.33882 5.53126e-22)
(1.19431 -0.312911 7.90363e-20)
(1.1832 -0.250317 8.19813e-20)
(1.1712 -0.202181 3.216e-22)
(1.15433 -0.163916 9.4888e-20)
(1.13514 -0.132983 -2.79699e-21)
(1.11561 -0.10772 -1.97393e-19)
(1.09683 -0.0869708 2.40872e-21)
(1.07931 -0.0698668 1.00871e-19)
(1.06331 -0.0557618 -7.54935e-23)
(1.04893 -0.0441368 0)
(1.0362 -0.0345849 0)
(1.02513 -0.0267676 5.30918e-20)
(1.01568 -0.020406 -6.13645e-22)
(1.00782 -0.0152514 -2.62215e-20)
(1.0015 -0.0110997 2.65727e-20)
(0.996645 -0.00775806 0)
(0.993178 -0.00506292 9.13806e-24)
(0.990985 -0.00285687 0)
(0.989899 -0.00101104 0)
(1.07897 -0.335019 0)
(1.02333 -0.304225 0)
(0.978644 -0.249604 0)
(0.955688 -0.201955 0)
(0.945435 -0.163026 0)
(0.942204 -0.131493 0)
(0.942919 -0.105837 0)
(0.945894 -0.0848736 0)
(0.950142 -0.0676868 0)
(0.95505 -0.0535989 0)
(0.960213 -0.0420672 0)
(0.965353 -0.0326707 0)
(0.970271 -0.025054 0)
(0.974822 -0.018928 0)
(0.978895 -0.0140327 0)
(0.982409 -0.0101508 0)
(0.985298 -0.00707589 0)
(0.98751 -0.00462677 0)
(0.988995 -0.00261935 0)
(0.98972 -0.000873532 0)
(1.12123 -0.273024 0)
(1.06057 -0.249781 0)
(1.01892 -0.217562 0)
(0.992622 -0.184605 0)
(0.977152 -0.154525 0)
(0.968821 -0.12831 0)
(0.965095 -0.105899 0)
(0.964329 -0.0869155 0)
(0.965446 -0.0709112 0)
(0.96773 -0.0574723 0)
(0.970686 -0.0462262 0)
(0.973968 -0.0368541 0)
(0.977324 -0.0290736 0)
(0.980568 -0.0226407 0)
(0.983561 -0.0173336 0)
(0.986198 -0.0129557 0)
(0.988397 -0.00932152 0)
(0.990097 -0.00626052 0)
(0.99125 -0.00360356 0)
(0.991826 -0.00118062 0)
(1.12392 -0.212581 0)
(1.07879 -0.204361 0)
(1.04382 -0.186315 0)
(1.01872 -0.164435 0)
(1.00173 -0.142216 0)
(0.990829 -0.121371 0)
(0.984313 -0.102579 0)
(0.980882 -0.0860137 0)
(0.979586 -0.0716013 0)
(0.979735 -0.0591764 0)
(0.980832 -0.0485316 0)
(0.982506 -0.0394608 0)
(0.984485 -0.0317589 0)
(0.986562 -0.0252374 0)
(0.98858 -0.0197143 0)
(0.990421 -0.015023 0)
(0.991993 -0.0110005 0)
(0.993228 -0.00749504 0)
(0.994075 -0.00435464 0)
(0.994504 -0.00142874 0)
(1.11943 -0.170417 0)
(1.08683 -0.168808 0)
(1.05884 -0.158955 0)
(1.03672 -0.144649 0)
(1.02022 -0.128583 0)
(1.00846 -0.11242 0)
(1.00045 -0.0970742 0)
(0.995307 -0.0829896 0)
(0.992284 -0.0703344 0)
(0.990799 -0.0591218 0)
(0.990401 -0.0492849 0)
(0.99074 -0.0407134 0)
(0.991547 -0.0332792 0)
(0.992613 -0.0268452 0)
(0.993776 -0.0212737 0)
(0.994912 -0.0164268 0)
(0.995925 -0.0121699 0)
(0.996743 -0.00836886 0)
(0.997316 -0.00489303 0)
(0.997609 -0.00160978 0)
(1.1145 -0.14092 0)
(1.09025 -0.141534 0)
(1.06798 -0.13608 0)
(1.0491 -0.126657 0)
(1.03396 -0.115081 0)
(1.02234 -0.102683 0)
(1.01374 -0.0903364 0)
(1.00762 -0.0785629 0)
(1.00345 -0.0676462 0)
(1.00078 -0.0577117 0)
(0.99924 -0.0487881 0)
(0.998512 -0.0408432 0)
(0.998353 -0.0338102 0)
(0.998567 -0.0276007 0)
(0.998999 -0.0221153 0)
(0.999525 -0.0172473 0)
(1.00005 -0.0128869 0)
(1.0005 -0.00892201 0)
(1.00083 -0.00524038 0)
(1.00101 -0.00172801 0)
(1.11044 -0.119195 0)
(1.09167 -0.120341 0)
(1.07372 -0.117188 0)
(1.05772 -0.110831 0)
(1.04419 -0.102418 0)
(1.0332 -0.0929128 0)
(1.02457 -0.0830399 0)
(1.018 -0.0732936 0)
(1.01314 -0.0639879 0)
(1.00966 -0.0553018 0)
(1.00727 -0.0473217 0)
(1.00572 -0.0400693 0)
(1.00479 -0.0335243 0)
(1.00431 -0.0276381 0)
(1.00413 -0.0223441 0)
(1.00414 -0.0175638 0)
(1.00425 -0.0132109 0)
(1.00439 -0.0091941 0)
(1.00451 -0.0054194 0)
(1.00458 -0.00179027 0)
(1.10734 -0.102342 0)
(1.09226 -0.103445 0)
(1.07749 -0.101498 0)
(1.06387 -0.0970658 0)
(1.05188 -0.0908486 0)
(1.04172 -0.0835153 0)
(1.03336 -0.0756218 0)
(1.02667 -0.0675894 0)
(1.02145 -0.0597147 0)
(1.01745 -0.052191 0)
(1.01447 -0.0451319 0)
(1.01231 -0.038592 0)
(1.01078 -0.032583 0)
(1.00975 -0.0270862 0)
(1.00907 -0.0220618 0)
(1.00866 -0.0174548 0)
(1.00842 -0.0132001 0)
(1.0083 -0.00922529 0)
(1.00824 -0.00545334 0)
(1.00822 -0.00180411 0)
(1.10503 -0.0886926 0)
(1.09252 -0.0895881 0)
(1.0801 -0.088286 0)
(1.06837 -0.0850785 0)
(1.05774 -0.0803907 0)
(1.04843 -0.0746744 0)
(1.0405 -0.0683401 0)
(1.0339 -0.0617259 0)
(1.02853 -0.0550896 0)
(1.02424 -0.0486149 0)
(1.02087 -0.0424228 0)
(1.01827 -0.0365838 0)
(1.0163 -0.0311296 0)
(1.01483 -0.0260623 0)
(1.01376 -0.0213624 0)
(1.013 -0.016994 0)
(1.01248 -0.0129098 0)
(1.01214 -0.0090538 0)
(1.01193 -0.00536463 0)
(1.01184 -0.00177689 0)
(1.10334 -0.0772459 0)
(1.09267 -0.0779134 0)
(1.082 -0.0769678 0)
(1.07176 -0.0745612 0)
(1.06228 -0.0709523 0)
(1.05377 -0.0664438 0)
(1.04631 -0.0613323 0)
(1.03992 -0.0558796 0)
(1.03456 -0.0502991 0)
(1.03012 -0.0447534 0)
(1.0265 -0.0393583 0)
(1.0236 -0.0341891 0)
(1.02131 -0.0292879 0)
(1.01951 -0.0246702 0)
(1.01814 -0.0203308 0)
(1.01711 -0.0162487 0)
(1.01636 -0.0123908 0)
(1.01584 -0.00871534 0)
(1.01552 -0.00517436 0)
(1.01536 -0.00171559 0)
(1.10211 -0.0673678 0)
(1.09279 -0.0678357 0)
(1.08345 -0.0670979 0)
(1.07438 -0.065234 0)
(1.06586 -0.0624027 0)
(1.05805 -0.0588064 0)
(1.05106 -0.0546574 0)
(1.04494 -0.0501543 0)
(1.03966 -0.0454681 0)
(1.03518 -0.0407367 0)
(1.03143 -0.0360642 0)
(1.02834 -0.0315236 0)
(1.02581 -0.0271605 0)
(1.02379 -0.022998 0)
(1.02218 -0.0190406 0)
(1.02094 -0.015278 0)
(1.02001 -0.0116886 0)
(1.01935 -0.00824195 0)
(1.01893 -0.00490156 0)
(1.01873 -0.00162652 0)
(1.10124 -0.0586404 0)
(1.09294 -0.0589485 0)
(1.0846 -0.0583426 0)
(1.07646 -0.0568627 0)
(1.06871 -0.0546072 0)
(1.06151 -0.051712 0)
(1.05496 -0.0483283 0)
(1.04911 -0.0446051 0)
(1.04397 -0.0406766 0)
(1.03952 -0.0366565 0)
(1.03572 -0.0326346 0)
(1.03251 -0.0286774 0)
(1.02983 -0.02483 0)
(1.02763 -0.0211188 0)
(1.02586 -0.0175541 0)
(1.02446 -0.0141331 0)
(1.0234 -0.0108427 0)
(1.02263 -0.00766179 0)
(1.02213 -0.00456308 0)
(1.02189 -0.0015153 0)
(1.10063 -0.0507736 0)
(1.09309 -0.0509625 0)
(1.08554 -0.0504507 0)
(1.07812 -0.0492568 0)
(1.07101 -0.0474417 0)
(1.06433 -0.0450973 0)
(1.05817 -0.0423313 0)
(1.05259 -0.0392546 0)
(1.04761 -0.0359716 0)
(1.04322 -0.0325738 0)
(1.03941 -0.0291367 0)
(1.03614 -0.0257186 0)
(1.03337 -0.0223612 0)
(1.03106 -0.0190913 0)
(1.02917 -0.0159223 0)
(1.02765 -0.0128564 0)
(1.02648 -0.00988662 0)
(1.02563 -0.00699883 0)
(1.02508 -0.00417334 0)
(1.0248 -0.00138673 0)
(1.1002 -0.0435571 0)
(1.09326 -0.043666 0)
(1.08631 -0.0432322 0)
(1.07947 -0.0422632 0)
(1.07287 -0.0407971 0)
(1.06662 -0.0388964 0)
(1.06081 -0.0366382 0)
(1.05547 -0.034105 0)
(1.05065 -0.031377 0)
(1.04636 -0.028527 0)
(1.04257 -0.025617 0)
(1.03928 -0.0226967 0)
(1.03646 -0.019803 0)
(1.03407 -0.0169614 0)
(1.0321 -0.0141862 0)
(1.0305 -0.0114826 0)
(1.02925 -0.00884784 0)
(1.02834 -0.00627305 0)
(1.02774 -0.00374443 0)
(1.02745 -0.00124486 0)
(1.0999 -0.0368422 0)
(1.09342 -0.036903 0)
(1.08694 -0.0365418 0)
(1.08056 -0.0357594 0)
(1.07438 -0.0345799 0)
(1.06849 -0.0330464 0)
(1.06296 -0.0312146 0)
(1.05785 -0.0291456 0)
(1.05319 -0.0269008 0)
(1.04898 -0.0245375 0)
(1.04524 -0.0221056 0)
(1.04196 -0.0196463 0)
(1.03911 -0.0171915 0)
(1.03668 -0.0147639 0)
(1.03465 -0.0123776 0)
(1.03299 -0.0100391 0)
(1.03169 -0.00774853 0)
(1.03074 -0.00550068 0)
(1.03011 -0.00328624 0)
(1.02979 -0.001093 0)
(1.09969 -0.0305134 0)
(1.09356 -0.0305546 0)
(1.08745 -0.0302662 0)
(1.08143 -0.0296463 0)
(1.07558 -0.0287105 0)
(1.06999 -0.0274894 0)
(1.06471 -0.0260234 0)
(1.05979 -0.0243581 0)
(1.05526 -0.0225404 0)
(1.05115 -0.0206145 0)
(1.04746 -0.0186199 0)
(1.0442 -0.0165902 0)
(1.04134 -0.0145518 0)
(1.03889 -0.0125243 0)
(1.03682 -0.0105204 0)
(1.03513 -0.00854715 0)
(1.03379 -0.00660609 0)
(1.0328 -0.0046946 0)
(1.03215 -0.00280665 0)
(1.03183 -0.000933817 0)
(1.09952 -0.0244804 0)
(1.09366 -0.024529 0)
(1.08785 -0.0243171 0)
(1.08211 -0.0238438 0)
(1.07653 -0.0231213 0)
(1.07117 -0.0221725 0)
(1.06609 -0.0210275 0)
(1.06133 -0.0197202 0)
(1.05693 -0.018286 0)
(1.0529 -0.0167585 0)
(1.04927 -0.0151685 0)
(1.04602 -0.0135422 0)
(1.04317 -0.0119009 0)
(1.04071 -0.0102606 0)
(1.03862 -0.00863239 0)
(1.03691 -0.00702269 0)
(1.03555 -0.00543383 0)
(1.03454 -0.0038648 0)
(1.03387 -0.00231186 0)
(1.03353 -0.000769403 0)
(1.09936 -0.0186792 0)
(1.09372 -0.0187577 0)
(1.08813 -0.0186247 0)
(1.08262 -0.0182858 0)
(1.07725 -0.017754 0)
(1.07208 -0.017048 0)
(1.06716 -0.0161906 0)
(1.06253 -0.0152071 0)
(1.05822 -0.0141233 0)
(1.05427 -0.0129643 0)
(1.05068 -0.011753 0)
(1.04746 -0.0105091 0)
(1.04462 -0.00924886 0)
(1.04216 -0.00798485 0)
(1.04006 -0.00672587 0)
(1.03833 -0.00547738 0)
(1.03695 -0.00424176 0)
(1.03593 -0.0030189 0)
(1.03525 -0.00180665 0)
(1.03491 -0.000601394 0)
(1.09917 -0.0130712 0)
(1.09372 -0.0131926 0)
(1.08832 -0.0131343 0)
(1.08298 -0.0129168 0)
(1.07777 -0.0125572 0)
(1.07274 -0.0120717 0)
(1.06793 -0.0114775 0)
(1.0634 -0.0107926 0)
(1.05917 -0.010035 0)
(1.05527 -0.00922225 0)
(1.05172 -0.00837014 0)
(1.04853 -0.00749257 0)
(1.0457 -0.00660102 0)
(1.04323 -0.00570441 0)
(1.04113 -0.00480916 0)
(1.03939 -0.00391938 0)
(1.038 -0.00303708 0)
(1.03697 -0.00216251 0)
(1.03628 -0.00129453 0)
(1.03594 -0.000430982 0)
(1.09892 -0.00765318 0)
(1.09366 -0.00780384 0)
(1.08841 -0.00780007 0)
(1.0832 -0.00768697 0)
(1.0781 -0.00748309 0)
(1.07316 -0.00720135 0)
(1.06844 -0.0068531 0)
(1.06397 -0.00644948 0)
(1.05979 -0.00600145 0)
(1.05593 -0.00551948 0)
(1.05241 -0.00501308 0)
(1.04923 -0.00449056 0)
(1.04641 -0.00395877 0)
(1.04395 -0.00342307 0)
(1.04184 -0.00288738 0)
(1.0401 -0.00235421 0)
(1.03871 -0.00182488 0)
(1.03767 -0.0012997 0)
(1.03698 -0.000778138 0)
(1.03663 -0.000259058 0)
(1.0986 -0.00249698 0)
(1.09357 -0.00257543 0)
(1.08844 -0.00258335 0)
(1.0833 -0.00255044 0)
(1.07826 -0.00248553 0)
(1.07337 -0.00239382 0)
(1.06869 -0.00227941 0)
(1.06425 -0.0021462 0)
(1.0601 -0.00199792 0)
(1.05626 -0.00183812 0)
(1.05275 -0.00167001 0)
(1.04958 -0.00149639 0)
(1.04677 -0.00131954 0)
(1.0443 -0.00114127 0)
(1.0422 -0.000962871 0)
(1.04045 -0.000785211 0)
(1.03906 -0.000608731 0)
(1.03802 -0.000433573 0)
(1.03732 -0.00025958 0)
(1.03698 -8.64087e-05 0)
(1.32569 -0.0162195 -1.36562e-21)
(1.3251 -0.0491724 1.12128e-21)
(1.32376 -0.0844759 1.61003e-21)
(1.32104 -0.123318 4.46403e-21)
(1.31571 -0.166513 8.88324e-21)
(1.30612 -0.214227 -6.93449e-20)
(1.28977 -0.265544 0)
(1.26234 -0.31695 0)
(1.21674 -0.358119 2.05474e-21)
(1.14551 -0.341359 1.93437e-21)
(1.31379 -0.016098 2.08726e-22)
(1.31511 -0.0485835 0)
(1.31763 -0.0835608 1.48663e-20)
(1.32034 -0.122277 -2.23197e-21)
(1.32148 -0.165279 0)
(1.31846 -0.211851 -3.1882e-20)
(1.30737 -0.258929 3.85467e-20)
(1.28232 -0.29878 -4.31916e-21)
(1.23617 -0.316628 0)
(1.18125 -0.299128 -5.56653e-20)
(1.29846 -0.0158924 2.06411e-22)
(1.2978 -0.0472497 2.29645e-21)
(1.29639 -0.0799084 -1.56026e-21)
(1.29322 -0.11424 -1.26606e-20)
(1.28657 -0.149726 4.34373e-21)
(1.27419 -0.1844 4.29864e-21)
(1.25355 -0.214157 4.02671e-20)
(1.22313 -0.232631 -4.28822e-20)
(1.1866 -0.235855 4.71501e-20)
(1.15834 -0.24251 -6.08168e-20)
(1.28196 -0.0150844 0)
(1.27981 -0.0442608 1.90226e-22)
(1.27555 -0.0737349 -1.12753e-20)
(1.26833 -0.103239 -8.7229e-22)
(1.25692 -0.131673 0)
(1.24007 -0.156855 0)
(1.21722 -0.175674 4.10864e-21)
(1.18999 -0.185743 -4.1542e-20)
(1.16374 -0.19127 5.38073e-20)
(1.14414 -0.212912 1.93434e-21)
(1.26516 -0.013865 0)
(1.26202 -0.040177 -6.45108e-23)
(1.25593 -0.0660519 -3.66826e-21)
(1.24636 -0.0908527 1.23595e-20)
(1.23269 -0.113352 8.3302e-21)
(1.21468 -0.131846 1.8906e-20)
(1.19314 -0.144863 -4.02957e-21)
(1.17059 -0.153139 -3.95254e-21)
(1.15077 -0.163343 -4.64285e-20)
(1.13433 -0.189503 -5.02913e-20)
(1.24876 -0.0124006 -1.55739e-22)
(1.24507 -0.0354984 -2.10811e-21)
(1.23802 -0.0577104 -9.97101e-22)
(1.22743 -0.0782641 -2.07616e-21)
(1.21324 -0.0961114 0)
(1.19593 -0.110273 2.98443e-20)
(1.17687 -0.120667 0)
(1.15833 -0.129541 0)
(1.14219 -0.142918 -4.78909e-20)
(1.12721 -0.168753 -4.06432e-21)
(1.2332 -0.0108275 7.33421e-22)
(1.22933 -0.0306291 3.12263e-21)
(1.22202 -0.0493501 3.35707e-21)
(1.21138 -0.0662575 2.04804e-21)
(1.19774 -0.080618 -2.99866e-21)
(1.18199 -0.0921195 5.30697e-21)
(1.16553 -0.101528 3.93959e-21)
(1.14997 -0.111406 3.88607e-21)
(1.13597 -0.126209 0)
(1.12194 -0.150028 9.40831e-20)
(1.21881 -0.00925193 -1.32797e-21)
(1.21501 -0.0258664 -1.02895e-21)
(1.20791 -0.0414036 0)
(1.19781 -0.055271 0)
(1.18531 -0.0670632 -1.16526e-20)
(1.17137 -0.0769415 -1.42818e-20)
(1.1572 -0.086035 3.91263e-21)
(1.14381 -0.0966176 3.86641e-21)
(1.13122 -0.111659 0)
(1.11799 -0.133092 4.26799e-21)
(1.20571 -0.00774576 -2.80235e-22)
(1.20216 -0.0214088 8.14963e-22)
(1.19558 -0.034134 -2.02375e-21)
(1.18637 -0.0455071 -1.84763e-21)
(1.17523 -0.0553979 -5.97543e-21)
(1.16308 -0.0642354 0)
(1.15084 -0.0731895 1.04364e-20)
(1.13906 -0.0840418 -3.85136e-21)
(1.12751 -0.0986192 0)
(1.11501 -0.11773 -4.34248e-20)
(1.19399 -0.00635761 8.71424e-22)
(1.1908 -0.017376 1.86755e-21)
(1.1849 -0.0276705 0)
(1.17673 -0.0370046 -8.02328e-21)
(1.16699 -0.0454493 -5.05643e-21)
(1.15646 -0.0535384 -3.91196e-21)
(1.14581 -0.0623109 1.48145e-20)
(1.1353 -0.073047 3.83951e-21)
(1.12458 -0.086771 -1.90346e-21)
(1.11277 -0.10373 -1.88316e-21)
(1.1836 -0.00511437 5.76361e-23)
(1.18083 -0.0138227 1.99983e-21)
(1.17568 -0.0220497 4.29883e-25)
(1.16859 -0.0297128 -1.9782e-21)
(1.16018 -0.0370078 9.66286e-21)
(1.15107 -0.0444704 0)
(1.14173 -0.052933 -1.59549e-20)
(1.13223 -0.0632458 -3.8299e-21)
(1.12222 -0.0759026 0)
(1.11106 -0.0908865 0)
(1.17453 -0.00402563 -9.34056e-22)
(1.17217 -0.0107591 -9.92766e-22)
(1.16777 -0.017245 -3.06396e-21)
(1.16171 -0.0235276 5.00232e-21)
(1.1545 -0.029865 7.8153e-21)
(1.14663 -0.036731 3.88015e-21)
(1.13838 -0.0447446 -1.63316e-20)
(1.12973 -0.0544161 8.42847e-21)
(1.12036 -0.0658939 0)
(1.10978 -0.079039 0)
(1.16665 -0.00309138 9.88142e-22)
(1.16471 -0.00816815 9.86464e-22)
(1.16103 -0.0132028 -4.07506e-21)
(1.15591 -0.0183297 3.91719e-21)
(1.14977 -0.0238285 0)
(1.14295 -0.0300841 0)
(1.13561 -0.037519 3.84345e-21)
(1.12768 -0.0463865 2.72477e-20)
(1.11886 -0.0566182 9.94475e-21)
(1.10881 -0.0680228 -1.46444e-20)
(1.15991 -0.00230226 -4.19581e-23)
(1.15835 -0.00601435 2.5721e-22)
(1.15533 -0.00984677 -1.01511e-21)
(1.15106 -0.0139936 1.10124e-22)
(1.14585 -0.0187269 -6.88917e-21)
(1.13992 -0.0243405 -3.60388e-21)
(1.13334 -0.0310858 7.98551e-21)
(1.126 -0.0390277 1.49674e-20)
(1.11765 -0.0479731 1.03852e-20)
(1.10806 -0.0577034 -4.22858e-21)
(1.15419 -0.00164842 9.33672e-22)
(1.15299 -0.00425946 1.46385e-21)
(1.15057 -0.00710615 -1.94848e-21)
(1.14706 -0.0104111 -7.11029e-22)
(1.14265 -0.0144213 -3.11585e-21)
(1.13748 -0.0193452 -7.57966e-21)
(1.13152 -0.0253038 4.29643e-21)
(1.12467 -0.0322307 3.8068e-21)
(1.11672 -0.0398615 2.33654e-21)
(1.1075 -0.0479579 5.03088e-21)
(1.14943 -0.00111537 9.73566e-22)
(1.14854 -0.00285955 1.2009e-21)
(1.14667 -0.00490173 -1.94194e-21)
(1.14382 -0.007473 1.93655e-21)
(1.14011 -0.0107816 6.69238e-21)
(1.13556 -0.0149631 3.84464e-21)
(1.13011 -0.0200466 -3.82624e-21)
(1.12364 -0.025884 -3.80386e-21)
(1.116 -0.0321738 4.42928e-21)
(1.10706 -0.0386632 -4.78758e-21)
(1.14551 -0.000693631 0)
(1.14493 -0.00177823 0)
(1.14354 -0.00317169 0)
(1.14128 -0.00509092 -3.11278e-22)
(1.13816 -0.00770087 -2.90309e-22)
(1.13413 -0.0110813 0)
(1.12908 -0.0152017 1.04173e-21)
(1.12289 -0.0198774 0)
(1.11545 -0.0248019 0)
(1.1067 -0.0297111 0)
(1.14238 -0.000372229 0)
(1.14207 -0.000979708 0)
(1.14113 -0.0018529 -1.93266e-21)
(1.13939 -0.00318352 -2.2533e-21)
(1.13679 -0.00508307 4.40198e-21)
(1.13319 -0.00759204 3.83729e-21)
(1.12842 -0.0106556 4.92369e-21)
(1.12239 -0.0140954 4.55375e-21)
(1.11503 -0.0176332 -1.88852e-21)
(1.10636 -0.0210011 -1.87377e-21)
(1.13994 -0.000154453 0)
(1.1399 -0.000437318 0)
(1.13936 -0.000905968 -1.92971e-21)
(1.13811 -0.00169359 1.87499e-21)
(1.13597 -0.00285357 7.48356e-21)
(1.13271 -0.00440374 3.83596e-21)
(1.12813 -0.0062991 -3.98561e-21)
(1.12212 -0.00841227 -2.97029e-21)
(1.1147 -0.0105405 -1.89772e-22)
(1.106 -0.0124439 0)
(1.13809 -3.48733e-05 0)
(1.13822 -0.000111419 1.92801e-21)
(1.13786 -0.000257431 2.05083e-25)
(1.13683 -0.00051888 -1.98151e-21)
(1.13494 -0.000907551 7.06533e-23)
(1.1319 -0.0014285 -3.83351e-21)
(1.12747 -0.00206605 -1.93226e-22)
(1.12152 -0.00277444 3.79855e-21)
(1.1141 -0.00347816 -2.12464e-21)
(1.10545 -0.0040717 -1.87254e-21)
(1.07235 0.322939 5.55737e-20)
(1.07871 0.326903 0)
(1.08097 0.348349 5.18209e-20)
(1.08245 0.382871 4.91814e-20)
(1.08427 0.429517 8.26183e-20)
(1.08701 0.489151 4.10554e-20)
(1.09099 0.564258 -1.20802e-26)
(1.09655 0.659101 -1.41133e-20)
(1.10416 0.780259 0)
(1.11455 0.937824 7.89614e-20)
(1.09082 0.289397 6.57636e-21)
(1.10898 0.310073 1.04803e-20)
(1.12287 0.337704 4.66162e-20)
(1.13527 0.373872 -1.73335e-20)
(1.14785 0.420171 6.21093e-20)
(1.162 0.478498 0)
(1.17889 0.551728 0)
(1.19988 0.644154 0)
(1.22669 0.762265 -4.35896e-21)
(1.2618 0.915945 8.0907e-20)
(1.12999 0.251233 -4.54165e-20)
(1.15026 0.280896 7.65569e-20)
(1.16958 0.313614 -4.21781e-20)
(1.18928 0.351761 -8.33296e-20)
(1.21055 0.397851 3.70522e-20)
(1.23484 0.454387 1.03365e-19)
(1.2638 0.524536 8.76921e-20)
(1.29953 0.612656 0)
(1.34483 0.725033 8.26969e-20)
(1.40377 0.871166 8.95602e-20)
(1.17469 0.218198 0)
(1.19553 0.249098 -4.13324e-20)
(1.21798 0.282682 -3.77835e-20)
(1.24285 0.320525 0)
(1.27108 0.364927 1.64082e-20)
(1.30414 0.418329 8.68865e-20)
(1.34399 0.483842 7.58261e-20)
(1.3933 0.56563 0)
(1.45582 0.669633 1.73057e-19)
(1.53698 0.804696 9.38347e-20)
(1.21798 0.186678 3.24367e-20)
(1.23968 0.2156 -8.27057e-20)
(1.26459 0.247192 -5.07628e-20)
(1.29352 0.28247 -1.5451e-20)
(1.32746 0.323332 2.23861e-20)
(1.368 0.371914 -5.08529e-20)
(1.41739 0.431006 -1.095e-20)
(1.47881 0.5044 4.36534e-21)
(1.55682 0.597469 9.28605e-20)
(1.65813 0.718159 -4.89718e-20)
(1.25685 0.154791 1.65992e-21)
(1.27967 0.18014 0)
(1.30676 0.207954 -3.48806e-20)
(1.33904 0.238923 0)
(1.3777 0.2746 8.70472e-20)
(1.42452 0.316732 -2.83384e-20)
(1.48203 0.367694 4.58375e-20)
(1.55388 0.430717 3.62474e-21)
(1.64533 0.51044 2.4554e-21)
(1.76424 0.613738 -4.96017e-20)
(1.28962 0.121918 -2.21454e-20)
(1.31357 0.142677 4.74084e-20)
(1.34253 0.16551 0)
(1.37757 0.190878 -3.75153e-20)
(1.42005 0.220009 3.84495e-20)
(1.47196 0.254281 4.04042e-20)
(1.53611 0.29557 -3.87313e-21)
(1.61653 0.346491 -2.85447e-21)
(1.71911 0.41079 -4.79084e-20)
(1.85264 0.494032 0)
(1.31511 0.0879906 -1.74278e-20)
(1.34004 0.103433 4.03091e-20)
(1.3705 0.120434 -4.04547e-21)
(1.40767 0.13925 -3.79818e-20)
(1.45307 0.160816 1.63827e-20)
(1.50886 0.186108 4.09453e-20)
(1.57808 0.216495 -1.62004e-20)
(1.66509 0.253868 2.05602e-21)
(1.77623 0.300991 -4.87192e-20)
(1.92103 0.362005 -2.67363e-22)
(1.33249 0.0532196 8.91931e-21)
(1.3581 0.0628296 9.20791e-21)
(1.38961 0.0734061 0)
(1.42825 0.0850078 -8.56256e-21)
(1.47565 0.0982607 2.09891e-20)
(1.53408 0.113758 1.04238e-20)
(1.60675 0.132314 2.17879e-20)
(1.69822 0.155097 0)
(1.81516 0.183798 -1.23598e-20)
(1.96762 0.220951 8.03108e-23)
(1.34108 0.0179153 -9.30448e-21)
(1.36707 0.0213993 9.02767e-21)
(1.3992 0.025165 -2.01842e-22)
(1.43863 0.0291383 -9.73398e-21)
(1.48706 0.0336546 0)
(1.54684 0.0388744 1.04702e-20)
(1.62125 0.0450639 0)
(1.71496 0.0526126 0)
(1.83482 0.0620913 -1.24279e-20)
(1.99114 0.0743811 0)
(0.736982 0.0183105 5.50078e-21)
(0.710664 0.0208361 4.28781e-21)
(0.678897 0.0238738 4.59048e-21)
(0.640469 0.0274796 5.26146e-22)
(0.593366 0.0317721 0)
(0.535129 0.0369121 -5.33862e-22)
(0.462404 0.0431334 0)
(0.370511 0.0507749 0)
(0.252733 0.0603174 5.41834e-22)
(0.0992201 0.0724408 0)
(0.743948 0.0540503 -1.54007e-21)
(0.718607 0.0616721 -7.98673e-22)
(0.687896 0.0707779 0)
(0.650574 0.0815613 8.96861e-22)
(0.604701 0.094363 -2.54513e-21)
(0.547889 0.109665 -1.03212e-21)
(0.476876 0.128169 -2.72665e-21)
(0.387089 0.150895 0)
(0.271933 0.179334 1.35604e-21)
(0.121966 0.215637 -6.48994e-22)
(0.757957 0.0874821 4.32377e-21)
(0.734578 0.100307 -2.62896e-20)
(0.705873 0.115505 7.53995e-28)
(0.670672 0.133385 -9.36475e-21)
(0.627161 0.154509 1.24577e-20)
(0.573113 0.179673 -8.36189e-21)
(0.505457 0.210049 -1.98018e-20)
(0.419873 0.247341 -9.85407e-21)
(0.310101 0.294046 9.7121e-21)
(0.167156 0.353845 1.2863e-21)
(0.779388 0.117401 -3.0911e-20)
(0.758776 0.13562 -4.5969e-20)
(0.73286 0.156966 0)
(0.700605 0.181833 9.22554e-21)
(0.660425 0.210982 -1.09705e-20)
(0.610335 0.24553 -1.03331e-20)
(0.547562 0.287116 1.12163e-20)
(0.468145 0.338121 9.72499e-21)
(0.366313 0.402013 1.29134e-20)
(0.233724 0.483864 0)
(0.808789 0.142709 -1.1963e-20)
(0.791528 0.166686 0)
(0.768894 0.194261 1.28401e-20)
(0.740113 0.2259 0)
(0.703948 0.262584 -5.74181e-20)
(0.658776 0.305772 -1.32774e-20)
(0.602209 0.357587 -2.62214e-20)
(0.530756 0.421073 -9.54665e-21)
(0.439252 0.50062 -6.47346e-21)
(0.32018 0.602631 1.59236e-20)
(0.847417 0.162804 6.31809e-20)
(0.833485 0.193174 6.64921e-20)
(0.813987 0.227044 4.90489e-20)
(0.788674 0.265043 0)
(0.756838 0.308469 -4.58337e-20)
(0.717281 0.359211 1.64354e-20)
(0.668052 0.41991 2.33584e-20)
(0.606167 0.494254 -9.31225e-21)
(0.527172 0.587489 -4.76605e-20)
(0.424549 0.707238 2.21142e-20)
(0.89747 0.17834 0)
(0.885531 0.215941 6.94885e-20)
(0.867885 0.255841 6.8545e-20)
(0.845302 0.299262 0)
(0.817681 0.348125 -2.94535e-20)
(0.784209 0.404888 -6.72939e-20)
(0.743281 0.472736 -4.29039e-20)
(0.692413 0.555941 0)
(0.627898 0.660473 -9.56682e-20)
(0.544357 0.795023 -5.21661e-20)
(0.963591 0.193161 7.52309e-20)
(0.948307 0.2381 -7.37883e-21)
(0.929094 0.282388 0)
(0.907753 0.329109 4.33582e-20)
(0.884149 0.38126 0)
(0.8573 0.441952 -7.0042e-20)
(0.825678 0.51482 -6.88945e-20)
(0.787169 0.604568 1.72728e-20)
(0.738861 0.717681 -4.24118e-20)
(0.676692 0.863663 -5.90871e-20)
(1.05312 0.221188 2.86258e-20)
(1.01743 0.266464 2.46368e-20)
(0.991935 0.309273 -6.36985e-20)
(0.971461 0.354998 -1.23624e-20)
(0.952766 0.407309 -5.03337e-20)
(0.933743 0.46941 0)
(0.912676 0.544958 0)
(0.887825 0.63873 0)
(0.857227 0.757487 0)
(0.81823 0.911178 -6.42407e-20)
(1.08491 0.28813 -5.00732e-20)
(1.05889 0.306714 0)
(1.04181 0.336125 -5.82069e-20)
(1.02958 0.375214 -5.43564e-20)
(1.01972 0.424525 -7.83714e-20)
(1.01078 0.485744 -4.47249e-20)
(1.00173 0.561809 -1.11454e-26)
(0.991735 0.657205 1.52949e-20)
(0.979963 0.778636 0)
(0.965425 0.936223 -7.25821e-20)
(0.993744 0.0088221 0)
(0.983755 0.00539572 0)
(0.976247 0.00533077 1.65374e-21)
(0.968826 0.00532363 1.64116e-21)
(0.961408 0.00537434 -1.73818e-24)
(0.953921 0.00547974 -3.23312e-21)
(0.946288 0.00564281 -3.20565e-21)
(0.938434 0.00586745 -1.1702e-24)
(0.93027 0.00616488 3.1518e-21)
(0.921693 0.00654976 3.12186e-21)
(0.91257 0.00704676 -6.18116e-21)
(0.902737 0.00768929 -1.22285e-20)
(0.891974 0.00852202 -1.2083e-20)
(0.880007 0.00958947 -1.19159e-20)
(0.866502 0.0109419 -5.86719e-21)
(0.851073 0.0126132 0)
(0.833315 0.0146122 0)
(0.812841 0.0169131 5.50043e-21)
(0.789368 0.0194222 5.34086e-21)
(0.762569 0.0219395 5.14396e-21)
(0.994182 0.0257854 1.87024e-23)
(0.984826 0.0157653 0)
(0.9778 0.0156263 0)
(0.970785 0.0156616 0)
(0.9637 0.0158689 7.13583e-24)
(0.956476 0.016239 6.47998e-21)
(0.949042 0.0167767 2.30173e-24)
(0.941335 0.0174902 -6.35866e-21)
(0.933279 0.0184088 -9.48618e-24)
(0.924796 0.0195711 9.91928e-24)
(0.915782 0.0210483 1.18363e-23)
(0.906107 0.0229403 0)
(0.895589 0.0253745 -1.56328e-23)
(0.883996 0.0284962 4.44149e-23)
(0.871018 0.0324689 -3.31175e-23)
(0.856272 0.0374225 -2.29627e-20)
(0.83931 0.0434216 -1.87719e-23)
(0.81965 0.0504224 2.19632e-20)
(0.796861 0.0581757 0)
(0.770713 0.0657327 4.13487e-23)
(0.995027 0.0408075 9.96421e-24)
(0.986902 0.0249481 -7.58686e-24)
(0.980823 0.0248893 -7.70079e-24)
(0.974624 0.0251242 0)
(0.968223 0.0256419 -9.41811e-24)
(0.961558 0.0264258 -1.09799e-23)
(0.954568 0.0274732 0)
(0.947202 0.0287938 -1.5495e-23)
(0.939411 0.0304158 -1.85159e-23)
(0.931154 0.0323944 9.32356e-24)
(0.922375 0.0348363 0)
(0.913009 0.0378986 -3.2117e-23)
(0.902954 0.0417779 0)
(0.892062 0.0467411 2.37667e-20)
(0.880103 0.053095 2.32856e-20)
(0.866727 0.0611456 8.68397e-24)
(0.851454 0.0711222 -4.48452e-20)
(0.833635 0.083069 -2.22276e-22)
(0.812541 0.0966995 8.45797e-20)
(0.787647 0.109262 8.17335e-20)
(0.996255 0.0527731 -3.42676e-21)
(0.989951 0.0322692 -3.34631e-21)
(0.985285 0.0325129 -6.68048e-21)
(0.980336 0.0331674 -6.62633e-21)
(0.975031 0.0342117 -1.3134e-20)
(0.969314 0.0356177 -4.85719e-23)
(0.963131 0.0373707 1.29121e-20)
(0.956445 0.0394785 2.55899e-20)
(0.94922 0.0419495 2.5445e-20)
(0.941445 0.0448456 -4.28842e-23)
(0.93311 0.0482884 -2.48536e-20)
(0.924223 0.0524619 -2.447e-20)
(0.914786 0.0576176 0)
(0.904792 0.0641321 6.39122e-23)
(0.894167 0.0724946 -9.13742e-23)
(0.882703 0.0832885 4.57399e-20)
(0.869968 0.0970782 2.03649e-22)
(0.85519 0.11424 -4.37651e-20)
(0.837216 0.134692 -1.98719e-22)
(0.814526 0.152266 4.46895e-22)
(0.997802 0.0607644 3.37612e-21)
(0.993829 0.0371646 -3.27906e-21)
(0.990983 0.0379485 6.71618e-21)
(0.987713 0.0392449 2.68159e-23)
(0.983964 0.0410251 -1.31498e-20)
(0.979691 0.0432559 -2.62514e-20)
(0.974847 0.0459149 -2.61859e-20)
(0.969394 0.049005 0)
(0.963291 0.0525183 1.86027e-22)
(0.956518 0.0565125 5.03913e-20)
(0.949078 0.0610911 1.07306e-22)
(0.94102 0.0664224 -1.04586e-22)
(0.932434 0.0727856 2.65798e-22)
(0.923459 0.0805944 -4.72271e-20)
(0.914268 0.0905242 -4.64123e-20)
(0.904959 0.103488 -4.51956e-20)
(0.895411 0.120594 0)
(0.884973 0.142977 4.03112e-22)
(0.872171 0.171323 0)
(0.85304 0.194033 1.16407e-21)
(0.999555 0.0642238 -1.26775e-22)
(0.99826 0.0393043 4.15974e-23)
(0.997514 0.0408067 4.67543e-23)
(0.996288 0.0428813 0)
(0.994569 0.0455034 6.29316e-23)
(0.992339 0.048658 -7.47103e-23)
(0.989555 0.0523321 0)
(0.986164 0.0565336 0)
(0.982097 0.0612634 -5.13247e-20)
(0.977284 0.0665778 -5.11279e-20)
(0.971669 0.0725389 -1.57469e-22)
(0.965257 0.0792685 0)
(0.958134 0.087012 -4.83851e-20)
(0.950501 0.0961305 -1.87127e-22)
(0.942752 0.107366 9.32186e-20)
(0.935438 0.121869 4.60797e-20)
(0.929134 0.14139 0)
(0.923995 0.168353 4.85479e-22)
(0.918863 0.205281 -8.17056e-20)
(0.905395 0.233329 -4.97225e-22)
(1.00134 0.0630577 -6.76171e-21)
(1.0028 0.0386803 -6.83516e-21)
(1.00421 0.0409293 5.70384e-23)
(1.00524 0.0437224 0)
(1.00597 0.047076 -7.77148e-23)
(1.00643 0.051031 2.67037e-20)
(1.00658 0.055616 2.67845e-20)
(1.00636 0.0608735 1.24418e-22)
(1.00565 0.0668452 -1.44702e-22)
(1.00433 0.0736116 -1.67729e-22)
(1.00221 0.081217 5.07172e-20)
(0.999166 0.0897445 5.01924e-20)
(0.9951 0.0993605 2.55694e-22)
(0.990054 0.110316 2.93211e-22)
(0.984374 0.123195 0)
(0.978874 0.139084 -3.91562e-22)
(0.975024 0.160094 4.6304e-22)
(0.974739 0.190084 0)
(0.97916 0.234936 -9.39012e-24)
(0.973932 0.267988 0)
(1.00295 0.0577216 1.14019e-22)
(1.00684 0.0357064 1.35498e-20)
(1.01011 0.0384642 1.3679e-20)
(1.01338 0.0416019 0)
(1.01685 0.0452557 -7.06652e-23)
(1.02059 0.0495611 8.49446e-23)
(1.0246 0.0546249 5.36852e-20)
(1.02882 0.0605638 1.07097e-19)
(1.03313 0.0674786 5.32278e-20)
(1.03736 0.0755185 -1.71503e-22)
(1.04127 0.0847807 2.02558e-22)
(1.04453 0.095379 -2.38191e-22)
(1.04679 0.107467 2.78951e-22)
(1.04767 0.121233 3.25508e-22)
(1.04698 0.137024 0)
(1.045 0.155517 -4.41851e-22)
(1.04323 0.178446 -8.86613e-20)
(1.04538 0.210062 -8.77067e-20)
(1.05762 0.259977 -7.94646e-22)
(1.06111 0.294869 0)
(1.00411 0.0492306 -6.85402e-21)
(1.00962 0.0313281 -6.83004e-21)
(1.01403 0.0339219 -3.93764e-23)
(1.01927 0.0366102 0)
(1.02557 0.0397595 0)
(1.03303 0.0436065 -5.54427e-23)
(1.04171 0.0483432 5.40569e-20)
(1.05158 0.0541687 5.44894e-20)
(1.06262 0.0612538 0)
(1.07472 0.0698427 0)
(1.08771 0.0801538 -1.16378e-22)
(1.10129 0.0924336 0)
(1.11502 0.106975 0)
(1.12828 0.124126 0)
(1.14019 0.144314 -9.96313e-20)
(1.14969 0.168036 -9.92517e-20)
(1.15626 0.196401 9.34734e-20)
(1.16177 0.232411 9.11476e-20)
(1.17535 0.28656 0)
(1.17455 0.316108 5.14529e-22)
(1.0045 0.0392116 -4.85069e-23)
(1.00941 0.0279378 0)
(1.012 0.0291404 -3.13128e-23)
(1.01632 0.0306136 0)
(1.02206 0.0326397 -2.70063e-20)
(1.02916 0.0354449 2.65886e-20)
(1.03765 0.039254 6.00678e-22)
(1.04757 0.0443116 -5.40611e-20)
(1.05899 0.0508582 0)
(1.07195 0.0592085 0)
(1.08649 0.0697063 -9.87018e-23)
(1.10259 0.0827626 -1.02486e-19)
(1.12014 0.0988841 -2.49605e-21)
(1.13895 0.11875 2.00567e-19)
(1.15854 0.143266 2.8795e-21)
(1.17785 0.173575 -9.64456e-20)
(1.19497 0.21143 3.36843e-22)
(1.20743 0.259514 -8.42112e-20)
(1.21904 0.322746 -8.04435e-20)
(1.1927 0.351619 5.7436e-22)
(1.00074 0.0334347 0)
(0.999447 0.0287673 0)
(0.995597 0.0288038 0)
(0.991914 0.0296344 0)
(0.988045 0.0312235 0)
(0.983853 0.0336898 0)
(0.979295 0.0372188 0)
(0.974392 0.0420374 0)
(0.96921 0.0483963 0)
(0.963867 0.0566022 0)
(0.958547 0.067012 0)
(0.953518 0.0800567 0)
(0.949176 0.0962667 0)
(0.946125 0.116346 0)
(0.945366 0.141228 0)
(0.948601 0.172117 0)
(0.958952 0.210589 0)
(0.982249 0.258108 0)
(1.02803 0.313196 0)
(1.0879 0.345899 0)
(0.999742 0.0327229 0)
(0.99838 0.0315289 0)
(0.995961 0.0316165 0)
(0.993212 0.0326136 0)
(0.99023 0.0344524 0)
(0.98703 0.0372008 0)
(0.983638 0.0409953 0)
(0.980116 0.0460139 0)
(0.976569 0.0524651 0)
(0.97316 0.0605926 0)
(0.970124 0.0706755 0)
(0.967798 0.0830347 0)
(0.966669 0.0980389 0)
(0.967456 0.116112 0)
(0.971249 0.137707 0)
(0.979732 0.163215 0)
(0.995488 0.192716 0)
(1.02232 0.225226 0)
(1.06495 0.257051 0)
(1.1271 0.279437 0)
(0.999545 0.0332088 0)
(0.998341 0.0330857 0)
(0.996682 0.0335782 0)
(0.99475 0.0348055 0)
(0.992632 0.0368264 0)
(0.990396 0.0397222 0)
(0.988108 0.0436066 0)
(0.985861 0.0486195 0)
(0.983789 0.0549227 0)
(0.982077 0.0626962 0)
(0.980989 0.072136 0)
(0.980882 0.0834461 0)
(0.982253 0.0968283 0)
(0.985794 0.112451 0)
(0.992469 0.130382 0)
(1.00361 0.150451 0)
(1.02096 0.171957 0)
(1.04658 0.193158 0)
(1.08224 0.210418 0)
(1.12808 0.217498 0)
(0.999619 0.0338682 0)
(0.998749 0.0341234 0)
(0.997681 0.0348867 0)
(0.99646 0.0362852 0)
(0.995147 0.0384081 0)
(0.99381 0.0413403 0)
(0.992535 0.0451773 0)
(0.991432 0.0500266 0)
(0.990646 0.0560048 0)
(0.990373 0.0632332 0)
(0.990874 0.0718295 0)
(0.99249 0.0818944 0)
(0.995673 0.093489 0)
(1.00101 0.106594 0)
(1.00925 0.121033 0)
(1.02131 0.136352 0)
(1.0382 0.151611 0)
(1.06078 0.165105 0)
(1.08929 0.174068 0)
(1.12233 0.174616 0)
(0.9998 0.0343435 0)
(0.999359 0.0347414 0)
(0.998844 0.0356383 0)
(0.998271 0.0371191 0)
(0.997687 0.0392607 0)
(0.997165 0.0421365 0)
(0.996794 0.0458217 0)
(0.996689 0.0503937 0)
(0.996995 0.0559296 0)
(0.997902 0.0624992 0)
(0.99965 0.0701556 0)
(1.00254 0.0789186 0)
(1.00695 0.0887502 0)
(1.01334 0.0995145 0)
(1.02223 0.110918 0)
(1.03419 0.122422 0)
(1.04972 0.133129 0)
(1.06904 0.141681 0)
(1.09175 0.146226 0)
(1.11637 0.144647 0)
(1.00002 0.0344718 0)
(1.00004 0.0349191 0)
(1.00006 0.0358592 0)
(1.00008 0.037345 0)
(1.00016 0.0394332 0)
(1.00037 0.0421791 0)
(1.00079 0.0456367 0)
(1.00154 0.0498566 0)
(1.00275 0.0548821 0)
(1.0046 0.0607422 0)
(1.00729 0.0674411 0)
(1.01108 0.0749429 0)
(1.01627 0.0831493 0)
(1.02318 0.0918687 0)
(1.03216 0.100775 0)
(1.04352 0.109357 0)
(1.05745 0.116875 0)
(1.07388 0.12234 0)
(1.09225 0.124597 0)
(1.11139 0.122555 0)
(1.00025 0.0341855 0)
(1.00075 0.0346378 0)
(1.00127 0.0355651 0)
(1.00185 0.0370002 0)
(1.00252 0.0389806 0)
(1.00337 0.0415438 0)
(1.00447 0.0447242 0)
(1.00593 0.0485496 0)
(1.00788 0.0530367 0)
(1.01046 0.058184 0)
(1.01385 0.0639626 0)
(1.01825 0.0703027 0)
(1.02388 0.0770769 0)
(1.03096 0.0840787 0)
(1.03972 0.0909986 0)
(1.05029 0.0974015 0)
(1.0627 0.102717 0)
(1.07676 0.106265 0)
(1.09197 0.107342 0)
(1.10745 0.105395 0)
(1.00047 0.0334645 0)
(1.00142 0.0338987 0)
(1.00242 0.0347794 0)
(1.0035 0.0361259 0)
(1.00471 0.0379613 0)
(1.00611 0.0403081 0)
(1.0078 0.0431838 0)
(1.00985 0.0465984 0)
(1.01239 0.0505487 0)
(1.01553 0.0550126 0)
(1.01941 0.0599409 0)
(1.0242 0.0652472 0)
(1.03005 0.0707963 0)
(1.0371 0.0763915 0)
(1.04548 0.0817621 0)
(1.05524 0.0865583 0)
(1.06632 0.0903588 0)
(1.0785 0.0927047 0)
(1.09138 0.0931716 0)
(1.10434 0.0914822 0)
(1.00068 0.0323166 0)
(1.00206 0.0327203 0)
(1.0035 0.0335344 0)
(1.00503 0.0347701 0)
(1.0067 0.0364392 0)
(1.00859 0.0385519 0)
(1.01076 0.0411135 0)
(1.0133 0.0441205 0)
(1.0163 0.0475562 0)
(1.01985 0.0513858 0)
(1.02409 0.05555 0)
(1.0291 0.059958 0)
(1.03502 0.0644798 0)
(1.04193 0.0689401 0)
(1.04988 0.0731137 0)
(1.05888 0.0767286 0)
(1.06885 0.0794798 0)
(1.07958 0.0810605 0)
(1.09074 0.0812145 0)
(1.10191 0.0798019 0)
(1.00087 0.0307693 0)
(1.00264 0.0311355 0)
(1.00447 0.0318727 0)
(1.0064 0.0329849 0)
(1.00849 0.034477 0)
(1.01079 0.0363506 0)
(1.01337 0.0386017 0)
(1.0163 0.0412176 0)
(1.01965 0.0441735 0)
(1.02352 0.047428 0)
(1.02798 0.0509189 0)
(1.03313 0.0545585 0)
(1.03903 0.0582293 0)
(1.04573 0.0617813 0)
(1.05327 0.0650328 0)
(1.0616 0.0677764 0)
(1.07065 0.0697931 0)
(1.08024 0.0708774 0)
(1.09012 0.0708723 0)
(1.09999 0.0697101 0)
(1.00105 0.0288556 0)
(1.00316 0.0291817 0)
(1.00535 0.029837 0)
(1.00763 0.0308224 0)
(1.01007 0.0321363 0)
(1.01272 0.0337748 0)
(1.01563 0.035728 0)
(1.01887 0.0379778 0)
(1.02251 0.040495 0)
(1.0266 0.0432365 0)
(1.03122 0.0461419 0)
(1.03642 0.0491308 0)
(1.04224 0.0521009 0)
(1.04873 0.0549279 0)
(1.05588 0.0574675 0)
(1.06364 0.0595631 0)
(1.07195 0.0610578 0)
(1.08066 0.061813 0)
(1.08958 0.0617324 0)
(1.09848 0.0607823 0)
(1.0012 0.0266186 0)
(1.00362 0.0269035 0)
(1.00611 0.0274767 0)
(1.0087 0.028335 0)
(1.01144 0.0294746 0)
(1.01438 0.0308878 0)
(1.01757 0.032561 0)
(1.02106 0.0344736 0)
(1.02491 0.0365953 0)
(1.02917 0.038884 0)
(1.03388 0.0412842 0)
(1.03909 0.0437249 0)
(1.04482 0.0461194 0)
(1.0511 0.0483666 0)
(1.0579 0.0503534 0)
(1.06519 0.0519622 0)
(1.0729 0.05308 0)
(1.08091 0.0536125 0)
(1.08909 0.0534985 0)
(1.09727 0.0527258 0)
(1.00133 0.0240968 0)
(1.00402 0.0243417 0)
(1.00678 0.0248343 0)
(1.00963 0.0255706 0)
(1.01262 0.0265441 0)
(1.0158 0.0277452 0)
(1.01921 0.0291593 0)
(1.02291 0.0307649 0)
(1.02692 0.0325329 0)
(1.03129 0.0344244 0)
(1.03606 0.0363901 0)
(1.04125 0.0383692 0)
(1.04689 0.04029 0)
(1.05297 0.0420711 0)
(1.05947 0.0436247 0)
(1.06637 0.0448624 0)
(1.0736 0.0457025 0)
(1.08107 0.0460799 0)
(1.08869 0.0459565 0)
(1.09632 0.0453274 0)
(1.00144 0.0213352 0)
(1.00436 0.0215412 0)
(1.00734 0.0219567 0)
(1.01041 0.0225758 0)
(1.01362 0.0233923 0)
(1.017 0.0243959 0)
(1.02059 0.0255718 0)
(1.02444 0.0268997 0)
(1.02857 0.0283526 0)
(1.03302 0.0298962 0)
(1.03782 0.031488 0)
(1.04299 0.0330774 0)
(1.04853 0.0346059 0)
(1.05443 0.0360091 0)
(1.06069 0.0372194 0)
(1.06727 0.0381701 0)
(1.07412 0.0388018 0)
(1.08116 0.0390685 0)
(1.08834 0.0389442 0)
(1.09555 0.0384309 0)
(1.00154 0.0183698 0)
(1.00464 0.0185394 0)
(1.00781 0.0188816 0)
(1.01107 0.0193911 0)
(1.01444 0.0200611 0)
(1.01798 0.0208821 0)
(1.02172 0.0218401 0)
(1.02569 0.0229169 0)
(1.02991 0.0240889 0)
(1.03442 0.0253268 0)
(1.03924 0.0265954 0)
(1.04437 0.0278533 0)
(1.04982 0.029054 0)
(1.05558 0.0301473 0)
(1.06163 0.0310812 0)
(1.06795 0.0318059 0)
(1.0745 0.0322771 0)
(1.08122 0.0324614 0)
(1.08805 0.0323416 0)
(1.09493 0.031918 0)
(1.00161 0.0152425 0)
(1.00487 0.0153773 0)
(1.00819 0.0156508 0)
(1.01159 0.0160565 0)
(1.01511 0.0165895 0)
(1.01877 0.0172411 0)
(1.02262 0.0179992 0)
(1.02668 0.0188482 0)
(1.03098 0.0197684 0)
(1.03553 0.0207359 0)
(1.04035 0.0217222 0)
(1.04545 0.0226949 0)
(1.05082 0.023618 0)
(1.05646 0.0244529 0)
(1.06235 0.0251607 0)
(1.06847 0.0257039 0)
(1.07477 0.0260494 0)
(1.08123 0.0261715 0)
(1.0878 0.0260544 0)
(1.09442 0.0256994 0)
(1.00167 0.0119842 0)
(1.00505 0.0120875 0)
(1.00849 0.0122967 0)
(1.012 0.0126061 0)
(1.01563 0.0130114 0)
(1.01939 0.0135057 0)
(1.02333 0.0140795 0)
(1.02746 0.0147201 0)
(1.0318 0.0154122 0)
(1.03638 0.0161373 0)
(1.0412 0.0168737 0)
(1.04626 0.017597 0)
(1.05158 0.0182804 0)
(1.05712 0.0188956 0)
(1.06289 0.0194141 0)
(1.06884 0.0198081 0)
(1.07496 0.0200525 0)
(1.08122 0.0201259 0)
(1.08758 0.020013 0)
(1.094 0.0197056 0)
(1.00172 0.0086322 0)
(1.00518 0.00870646 0)
(1.00871 0.00885451 0)
(1.01231 0.00907196 0)
(1.01601 0.00935645 0)
(1.01984 0.00970304 0)
(1.02384 0.0101046 0)
(1.02802 0.0105521 0)
(1.0324 0.0110344 0)
(1.03699 0.0115385 0)
(1.04181 0.0120491 0)
(1.04685 0.0125494 0)
(1.05212 0.0130209 0)
(1.0576 0.0134443 0)
(1.06327 0.0138 0)
(1.06911 0.0140688 0)
(1.07509 0.0142318 0)
(1.08119 0.0142704 0)
(1.08738 0.0141638 0)
(1.09362 0.013892 0)
(1.00175 0.00521116 0)
(1.00527 0.00526386 0)
(1.00886 0.00535229 0)
(1.01251 0.00548205 0)
(1.01626 0.0056513 0)
(1.02014 0.00585717 0)
(1.02417 0.00609543 0)
(1.02838 0.00636061 0)
(1.03279 0.00664608 0)
(1.03739 0.00694406 0)
(1.04221 0.00724565 0)
(1.04724 0.00754095 0)
(1.05247 0.00781928 0)
(1.0579 0.00806953 0)
(1.06351 0.00828037 0)
(1.06927 0.00844036 0)
(1.07516 0.00853739 0)
(1.08115 0.00855661 0)
(1.0872 0.00847582 0)
(1.09327 0.00825124 0)
(1.00177 0.00174465 0)
(1.00533 0.00176622 0)
(1.00893 0.00179542 0)
(1.01261 0.00183846 0)
(1.01638 0.00189476 0)
(1.02029 0.00196322 0)
(1.02434 0.00204241 0)
(1.02857 0.00213051 0)
(1.03298 0.00222533 0)
(1.03759 0.00232428 0)
(1.04241 0.00242445 0)
(1.04743 0.00252261 0)
(1.05265 0.00261532 0)
(1.05806 0.00269898 0)
(1.06364 0.00276998 0)
(1.06936 0.00282463 0)
(1.07521 0.00285882 0)
(1.08113 0.00286641 0)
(1.08707 0.00283356 0)
(1.09293 0.00273783 0)
(1.1571 0.361028 -1.95365e-21)
(1.22642 0.367808 -2.07096e-21)
(1.27001 0.322172 0)
(1.29591 0.268346 0)
(1.31107 0.215654 -4.00498e-20)
(1.31965 0.167143 -4.14295e-20)
(1.32407 0.123506 -4.47429e-21)
(1.32595 0.0844248 -2.87505e-21)
(1.32643 0.0490051 -1.12241e-21)
(1.32613 0.0159353 8.78242e-22)
(1.1887 0.314257 -5.49026e-20)
(1.24408 0.325354 0)
(1.28944 0.303892 4.34284e-21)
(1.31343 0.261676 2.81222e-24)
(1.32348 0.213119 -4.08837e-20)
(1.32553 0.165645 0)
(1.32349 0.12212 2.23731e-21)
(1.31993 0.0831044 1.94216e-20)
(1.31651 0.0479567 0)
(1.31425 0.0153924 2.13614e-22)
(1.16366 0.253676 -5.63172e-20)
(1.19291 0.243007 5.08988e-20)
(1.22933 0.237254 -4.27737e-20)
(1.25913 0.216779 0)
(1.27898 0.185629 -4.31475e-21)
(1.29051 0.150027 -4.35706e-21)
(1.29632 0.113963 -8.33692e-21)
(1.29867 0.0792775 2.83045e-21)
(1.29919 0.0464006 2.32318e-21)
(1.29892 0.0149439 2.12945e-22)
(1.14795 0.220806 -1.94065e-21)
(1.1686 0.196646 4.96647e-20)
(1.1951 0.189509 -4.95054e-20)
(1.22209 0.177907 -4.12495e-21)
(1.24441 0.157897 0)
(1.26059 0.131847 0)
(1.27127 0.102827 -8.74206e-22)
(1.27772 0.0729423 -7.78907e-21)
(1.28115 0.0432189 1.90409e-22)
(1.28241 0.0139314 0)
(1.13697 0.194834 -4.99651e-20)
(1.15438 0.167065 -4.62718e-20)
(1.17464 0.155923 3.96601e-21)
(1.19719 0.146559 4.04316e-21)
(1.21843 0.132595 1.07177e-20)
(1.23595 0.113343 -2.04698e-20)
(1.24903 0.0902932 8.20456e-21)
(1.25793 0.065113 -8.75444e-25)
(1.26327 0.0389795 -4.37564e-21)
(1.26558 0.0125509 0)
(1.12885 0.172068 -4.07661e-21)
(1.14472 0.145232 -4.78091e-20)
(1.16139 0.131375 0)
(1.18013 0.121799 0)
(1.19907 0.110703 2.99082e-20)
(1.21605 0.0959125 -1.27372e-20)
(1.22978 0.0775685 2.08016e-21)
(1.23982 0.0566546 7.42509e-21)
(1.2462 0.0341899 2.11005e-21)
(1.24914 0.0109742 -1.65474e-22)
(1.12269 0.151776 9.38375e-20)
(1.13752 0.127357 0)
(1.15205 0.112376 -3.89306e-21)
(1.16791 0.102082 -3.94759e-21)
(1.18441 0.092199 -2.68822e-21)
(1.20001 0.0802172 -1.92628e-20)
(1.21332 0.0654373 -2.05138e-21)
(1.22353 0.0482065 3.39215e-21)
(1.2303 0.0292515 -3.12513e-21)
(1.23353 0.00933747 -1.3761e-21)
(1.11791 0.133623 4.26872e-21)
(1.13187 0.111886 0)
(1.14501 0.0968715 -3.87046e-21)
(1.15877 0.0860906 -3.91795e-21)
(1.1731 0.076703 -1.43212e-20)
(1.18701 0.0664776 -1.09828e-21)
(1.19933 0.0543516 0)
(1.20913 0.0402075 0)
(1.2158 0.0244607 1.02963e-21)
(1.21908 0.00774407 7.16307e-22)
(1.11418 0.117369 -4.3419e-20)
(1.12734 0.0981485 0)
(1.13945 0.0837293 3.8527e-21)
(1.15164 0.0728374 1.82544e-20)
(1.16414 0.063733 0)
(1.17639 0.0546613 -2.87746e-21)
(1.18747 0.0445188 -5.89412e-21)
(1.19648 0.0329218 2.02533e-21)
(1.20277 0.0200171 0)
(1.20592 0.00626406 -3.00377e-22)
(1.11123 0.102726 1.88056e-21)
(1.12364 0.0857885 1.90188e-21)
(1.1349 0.0722908 -3.83821e-21)
(1.14587 0.061632 1.4849e-20)
(1.15686 0.0528225 3.91339e-21)
(1.16759 0.0445973 2.84294e-21)
(1.17738 0.0359803 -8.6065e-23)
(1.18548 0.0264749 0)
(1.1912 0.0160328 -1.00885e-21)
(1.19413 0.0049388 -1.16089e-21)
(1.10888 0.0894759 0)
(1.12059 0.0745953 0)
(1.13113 0.062196 3.82625e-21)
(1.1411 0.0520294 3.86087e-21)
(1.15084 0.0436059 -1.04145e-20)
(1.16022 0.0360845 9.71251e-21)
(1.16879 0.0286857 1.97858e-21)
(1.17593 0.0208993 -4.18416e-25)
(1.18103 0.0125591 -2.00021e-21)
(1.18368 0.00379083 6.21248e-23)
(1.10699 0.0773931 0)
(1.11807 0.0643984 0)
(1.12796 0.0531809 1.61081e-20)
(1.13712 0.0437013 3.84805e-21)
(1.14581 0.0357806 -1.46517e-20)
(1.15404 0.0289122 -7.8123e-21)
(1.16149 0.0225273 1.09679e-21)
(1.16771 0.0161655 1.97718e-21)
(1.17218 0.00959812 9.92781e-22)
(1.17454 0.00281966 1.05966e-21)
(1.10549 0.066311 -1.09363e-20)
(1.116 0.0550718 1.3772e-20)
(1.12532 0.045085 1.9702e-20)
(1.13377 0.0364218 -3.8373e-21)
(1.14159 0.0291097 0)
(1.14883 0.0228927 0)
(1.1553 0.0173906 5.13738e-21)
(1.16066 0.0122196 1.96539e-21)
(1.16453 0.00713106 -1.28567e-21)
(1.1666 0.0020225 -9.8811e-22)
(1.10427 0.0560427 -4.7414e-22)
(1.1143 0.0464798 1.41985e-20)
(1.12314 0.0377527 7.38936e-21)
(1.13101 0.0300067 3.39407e-22)
(1.1381 0.0233962 0)
(1.14449 0.0178493 8.45813e-22)
(1.1501 0.0131441 5.09248e-21)
(1.1547 0.0089801 0)
(1.158 0.00511606 -4.78401e-23)
(1.15981 0.00138275 -4.50688e-23)
(1.1033 0.0464564 8.78251e-21)
(1.11293 0.0385057 1.88458e-21)
(1.12135 0.0310596 -3.79566e-21)
(1.12873 0.0243082 4.30979e-21)
(1.13523 0.018485 3.84324e-21)
(1.14091 0.0136424 -3.13148e-21)
(1.14577 0.00967926 2.1636e-21)
(1.14969 0.00637668 1.947e-21)
(1.15248 0.00351547 -7.03517e-22)
(1.15404 0.000891981 -1.02396e-21)
(1.10251 0.0373996 -4.7973e-21)
(1.11184 0.0310253 0)
(1.11995 0.0248795 3.79141e-21)
(1.12695 0.0191896 3.81558e-21)
(1.13295 0.0142296 -3.83586e-21)
(1.13804 0.0101325 -8.74264e-21)
(1.14225 0.00688165 -2.98458e-21)
(1.14556 0.0043266 1.94009e-21)
(1.1479 0.00228125 -9.72262e-22)
(1.14922 0.000530539 -9.73396e-22)
(1.10189 0.0287512 0)
(1.111 0.0239182 0)
(1.1189 0.0190993 0)
(1.12562 0.0145432 0)
(1.13123 0.010525 0)
(1.13583 0.00722506 -2.89705e-22)
(1.13947 0.0046714 -3.13571e-22)
(1.14224 0.00277635 0)
(1.14415 0.0013819 0)
(1.14526 0.000296045 1.19802e-23)
(1.10137 0.0203774 1.86532e-21)
(1.11039 0.0170508 1.88066e-21)
(1.11819 0.0135848 -3.02981e-21)
(1.12474 0.0102365 -3.80884e-21)
(1.13007 0.00725647 -3.82675e-21)
(1.13424 0.00481456 -3.28837e-21)
(1.13739 0.00296666 1.60182e-21)
(1.13967 0.0016604 1.9302e-21)
(1.14119 0.000783547 0)
(1.14209 0.000174109 1.21522e-23)
(1.10091 0.0121789 0)
(1.10994 0.0102984 -1.90296e-22)
(1.11779 0.00821572 4.61432e-21)
(1.1243 0.0061679 3.64254e-21)
(1.12943 0.00433099 -3.82486e-21)
(1.13326 0.00282986 -7.88666e-21)
(1.13596 0.00170678 -1.97554e-21)
(1.13778 0.000939708 1.92703e-21)
(1.13893 0.000457499 0)
(1.13962 0.00016952 0)
(1.10035 0.00402737 1.86389e-21)
(1.10932 0.00344451 1.64252e-21)
(1.11714 0.00275637 -3.78371e-21)
(1.12356 0.00207585 -1.93025e-22)
(1.12851 0.00145858 3.82204e-21)
(1.13211 0.000959158 7.02949e-23)
(1.13457 0.000582846 1.86585e-21)
(1.13617 0.000332537 -2.05534e-25)
(1.13718 0.000176668 -1.92624e-21)
(1.13775 9.78571e-05 0)
)
;

boundaryField
{
    down
    {
        type            symmetryPlane;
    }
    right
    {
        type            zeroGradient;
    }
    up
    {
        type            symmetryPlane;
    }
    left
    {
        type            uniformFixedValue;
        uniformValue    constant (1 0 0);
        value           uniform (1 0 0);
    }
    cylinder
    {
        type            symmetry;
    }
    defaultFaces
    {
        type            empty;
    }
}


// ************************************************************************* //
